-2.940886270779815348e+00
-1.982617745726144687e+00
6.294098773515042211e-01
6.767372782637797179e+00
-9.374799741309192136e-01
-1.211169485938628165e+00
-1.300744672686760195e+00
5.722503914848802165e-01
-8.186769266019573443e-01
-7.367681345400461934e-01
-2.963302146222491773e-01
1.620415706144380685e+00
1.799520639434729397e+00
9.502922687658419409e-01
-1.749122934903810100e-01
-1.090101478138898239e+00
1.087508803522203027e-01
-4.132466867708415315e+00
6.052293042786451860e-01
1.867373347462628619e-01
-2.303779635150374205e-01
2.463338709878006294e-01
2.227777729756559744e+00
6.174156571197729759e-01
-1.968335560554686503e-01
1.262009873591543929e+00
-4.493652428991093295e+00
1.476300404970831703e+00
6.298357761052135739e-01
3.024082565591891480e+00
-4.540367917463158376e-01
-5.168134004851163699e-01
-1.637014014348056268e+00
-9.370283493665223506e-01
5.202849449008837279e-01
5.147448996282243394e-01
9.341589664803343629e-01
2.951473344110813635e+00
-1.014286435514009321e+00
1.234885687970860069e+00
-2.004130253564733621e+00
-2.767105321135046592e-01
3.315889289969388698e-01
-3.701502602255975216e-02
-4.504118616777287865e-01
5.005427020610300204e-01
-4.092621651277649764e-01
-8.070125510150645276e-01
-1.001776775539161335e+00
-4.958791850649206523e-02
7.426873325323899433e-01
1.249878658508063012e+00
-1.281354168994364162e+00
9.844436625019021836e-01
-8.000247513662245291e-01
2.880433254627817741e-01
-4.374108751269973894e-01
-4.445140499409335755e-01
4.609119673969969355e+00
-6.855397924642099294e-01
-7.137365655956774413e-01
1.704613374556535499e+00
9.533563336389934140e-01
3.220082121939317865e+00
-9.608794948789998180e-01
1.683123127633340932e+00
-8.191608665956695567e-01
-8.730638492018535146e+00
-4.554824634057387800e-01
1.040772909188064643e+00
3.701006878930798716e-01
-2.153205606410493189e+00
4.838435131456001459e-01
-5.017372190997632098e-01
-5.595037353800390578e-01
-6.821118985797813838e-01
-2.195419336799472099e+00
-1.372984766050504346e+00
1.493649719793518349e+00
-1.431485863118674207e+00
5.769947231885295125e+00
-5.320151777532438064e-01
-5.326799932063015497e-01
3.375741426804569345e-01
1.795308861614204776e+00
4.965513588951009916e-01
-2.325193414738689623e-01
2.916785465650587383e+00
-2.347413206972327748e-01
-1.710652917019166441e-01
2.840742007351216181e+00
1.147234322566041964e+00
3.973564914687241156e+00
2.385827765628666164e+00
-6.352242913175348837e-02
-4.237404465487649152e-01
-2.292476071979851149e+00
-1.610911038909227599e+00
-3.900349722764787641e-01
-6.471387628060003561e-01
-1.022882494091094330e+00
-1.455771769098749280e+00
1.582613884194637777e+00
1.862401902275747201e+00
8.157209013904580530e-01
1.001152441046341934e+00
1.198120960776292154e-01
1.631915108743781373e-01
-1.113112987248199015e-01
-2.056206393381228847e-01
-1.327040032091199251e+00
-1.064593737780750615e+00
-7.955225830840632062e-01
-9.875026804217150733e-01
1.419438464361336916e+00
-2.745817126905451211e+00
1.218210166203404166e+00
-3.522465064281377067e-01
-1.475443142852790990e+00
7.224683195273101655e-01
-1.820941636557533716e+00
-2.512632153054387807e+00
1.190812452950022360e+00
-1.216390454291696788e+00
3.220256562557035629e+00
-3.203735161913721236e-02
1.504552121990791136e+00
-1.242897219497023809e+00
-1.090042124222106779e+00
3.616825013035742109e-01
1.449264912898824642e+00
1.533527994898299607e+00
4.225450273044682348e+00
1.072494799712464086e+00
-4.874845073622520175e-01
-1.431871793101143098e+00
7.252761070802191679e-01
4.053758295852168958e-01
5.796874961540825488e-01
-1.852554033640531339e-01
-1.689052116617551835e+00
6.906302736862161146e-03
7.920485460688955204e-01
3.955938169338194754e+00
-7.533303000069970778e-01
-1.037738042050641241e+00
1.198159875913317948e-02
2.181041381544773783e-01
-6.772001476679372356e-01
9.080994642547843831e-01
8.887179333318442787e+00
-5.413425287595279300e-01
-2.675616359460064597e+00
3.553165325575446509e+00
-5.001134935698178907e+00
3.672240260047607840e-01
-4.352269343206431607e-02
-1.202140300485797342e+00
1.074454163417247532e+00
6.600175191283507159e-01
9.887562206341105053e-02
1.974102047761840728e+00
9.779339276271128978e-02
-4.213396526529460395e+00
3.815253282547274249e+00
-7.506954676176680330e-01
1.109666307230343207e+00
1.006565932994909929e+00
2.239157503950440553e+00
2.438476067622666055e-01
-8.265791963310387125e-01
-2.507478106070644142e-01
4.032291032830531918e+00
4.549001316191401134e-01
3.278875743078825122e-01
1.550197559453222462e+00
-3.055026241510663709e+00
2.596585527171703767e+00
-3.955487534528644988e-01
1.919565250611476426e+00
6.150107137091014309e-01
7.775459560261593905e-01
5.175976345815396229e-01
-1.153894541495207315e+00
6.476391642178938590e-02
-1.457640232278746908e-02
9.094880620107381741e-03
2.400844524112724643e-01
-9.545256331705961328e-01
-2.746922667462547984e-01
5.592267400731818980e-03
-2.715514593350348838e-01
-1.764053450056603189e+00
3.921230143595312301e-01
1.476041849981481358e+00
-1.111411851886110913e+00
1.244825629873764772e+00
2.327887972993672727e-01
-2.395037912537629488e-01
3.178006278626308134e+00
2.837818113963365141e-01
2.475343351617595999e-01
-1.375464331370994220e+00
3.032824488568833243e-01
3.079530438908717471e+00
7.557598451610452184e-01
-5.881495750873129147e-01
2.463912376328969422e+00
-2.596340746353917872e+00
-1.868180008284766602e+00
1.166660336260189501e+00
-1.001045672491820193e+00
3.409781481348164611e+00
-1.272484667055931551e+00
5.642828706397968741e-01
-4.006048161807945207e-01
-1.190209373435771933e+00
-2.652413855028145639e-01
1.798797709648077392e+00
6.117738217348585028e-01
-8.839463057025793713e-01
5.713386122946344514e-01
9.840156179505231693e-01
6.514992628983665712e-01
1.671095970828317512e+00
-6.759824072552811369e-01
2.066459352458053012e+00
6.001505360769674446e-01
-6.573657758019497699e-01
-6.918545030563058029e-01
9.798235390175122905e-01
-1.954093654262872154e-02
1.011060238579619686e+00
-4.412037181121124529e-01
-6.084621796237270619e-01
-5.599252887983922733e+00
-3.547652427560215038e-01
-6.012156961361898588e-01
5.113136703045817466e-01
9.135079994695971539e-01
-1.025853523934419503e-01
-4.627743094016070757e-01
-1.147077931995342581e+00
9.382987389441126425e-01
4.306012029715317047e-01
8.006541984599579997e-01
-4.858181430503208276e+00
4.014419385923425843e+00
1.152019793419187366e+00
-3.355074641305101912e-01
-4.992133968211732942e+00
-8.060477347411655336e-01
1.002364608381023370e+00
4.953681558868737733e-01
2.908482284860013367e-01
1.167646414299722046e+00
-1.071799832297904015e-01
1.170478546618844540e+00
-7.940897920524809805e-01
9.928727648873476863e-02
-2.592698792808776798e+00
-5.132457644975425559e-01
-3.302562061931099802e+00
1.918641423168243820e+00
-9.870617935982688440e-01
