-4.270005363461711334e-01
1.071350621127561853e+00
8.932071277063078352e-01
3.266500130322671364e-02
5.968680361934081136e-01
6.422005101779232339e-01
-4.851003024870148006e-01
-1.345443869406394821e+00
9.928550038197994088e-01
1.188708119757158732e+00
7.748056166864295546e-01
6.122578898393686853e-01
-7.385597748932222206e-01
-5.682665465032485930e-01
9.708120211038400171e-01
6.142090959593196065e-01
8.303028670060665084e-02
4.921595633896282962e-01
9.750232775387616124e-01
-9.785776595811482848e-01
9.112963932970552516e-01
-3.723679372531610854e-01
1.775728582014060586e-01
4.619934331710410236e-01
9.044391239515889858e-01
-3.223295698458943370e-01
3.336084240321542937e-01
-3.397990194643097372e-01
2.625459086527128227e-01
7.675767303287575061e-01
3.130983559080367518e-01
-2.565758459600624430e-01
-5.139688993013429297e-01
3.451905822075089780e-01
-2.212086538208318104e-02
-2.210503918451093286e-01
1.524266983540448095e+00
5.681114207885370471e-01
-6.430279416540564119e-01
-1.724235967911286749e-01
1.121066871099372364e-01
-6.059354056089246710e-01
-4.564378551280408036e-01
4.097017675561430705e-01
-9.016753933867138748e-01
-4.542307884951083397e-01
-2.518651703283453780e-01
5.670008477597342500e-01
-1.195893992491912916e-01
-5.557028414921832971e-01
-3.608203361125620345e-01
-4.569339565296733352e-01
-3.495674228926379246e-01
-1.596464387995651935e-01
-5.060065858055520227e-01
-8.113930953270092061e-01
-9.641147192669414778e-01
1.121607114328568189e+00
-6.681624419867076003e-01
2.160693674049296020e-01
-7.459539581642228301e-01
1.753824706486065144e-01
3.948081041798461310e-01
-7.497766065957767179e-01
2.123186710061102656e-01
-4.539575594689176929e-01
-2.561266599267425725e+00
-2.418059798315998488e-01
-2.563574073725301883e+00
-4.735065037100902319e-01
-1.951661528196603768e-01
1.456506293608030023e-01
-5.407295274333330237e-01
-5.337150370441604563e-01
6.767770332735772998e-01
-5.036600379037373121e-02
-8.377981958933445883e-01
3.940102623080772304e-01
-5.845641285365755779e-01
1.058227949538950718e-01
-1.426858133475312984e+00
-7.521760798547508786e-01
-3.650744761391017112e-01
-8.575006803991627180e-01
-2.465641258355753818e-01
-5.244056125860599993e-01
-1.022706294278115546e+00
4.876331546097750214e-01
1.304487816763831631e+00
-2.932241191353394116e-01
-4.064330545713308318e-01
5.539875134588747585e-01
1.357608812966051848e-01
2.316481492552177057e-01
6.446531951418210671e-01
-7.739914292119105532e-01
-3.150777409363099135e-01
-1.590507144134599260e+00
-8.817150357394010207e-02
4.440804717426144466e-02
-5.896372733498744800e-01
-4.679825723472363919e-01
5.448662139052881104e-01
-1.351998267645393992e-01
6.023801365636716199e-01
-2.009761334751341555e-01
5.281091067340170087e-01
2.913557483245278190e-01
-1.113086901910899590e-03
-6.531750731814647271e-01
-9.365116049964553602e-01
9.807990152359052916e-02
2.611832352353378184e-01
2.060282143079341100e-01
6.110757780995935695e-01
1.305878605196733266e+00
9.024676490983142563e-02
4.634296018048665866e-01
-1.875268236548325584e-01
-6.888006618135614767e-01
8.194693245424658490e-02
-2.667383575128281503e-01
5.221004588153470571e-01
7.728101318731757097e-01
-1.328398565965172251e+00
-5.920457369437057832e-02
-8.070535504442247210e-02
-3.215882678898548397e-01
-5.944675208288481283e-01
-7.430386326575608713e-01
1.737291057749547341e-01
1.470363429776603004e-01
8.025998934464162460e-02
-5.191737437919270726e-02
-7.739881290843826367e-01
9.261281283811628739e-02
-1.056545529705122943e+00
-5.190219471342328861e-01
-3.497833314817888062e-01
1.489261873964744520e+00
-6.594513559056482954e-01
-6.000872796487319860e-01
-2.961701653238524856e-01
-2.346434451486459238e+00
3.052836848137082670e-01
4.366539003284010678e-01
-9.094649994767085577e-01
4.957494834488246904e-01
-5.585456047590229289e-01
2.021527384520152570e-02
1.035664529434527026e+00
2.047091008368716325e-01
7.792877021522813807e-01
8.424696398863484870e-01
1.523847687563828490e-01
-1.236510212838765055e-01
-7.966109399216619869e-01
3.937599637455178048e-01
2.948464160811731238e-02
8.224212876826416663e-01
4.696689487933676799e-01
-2.606889056606261912e-01
-4.324490441303795452e-01
4.426501252182171720e-01
1.369693091531998252e-01
-6.322782827699765518e-01
7.195276528744404265e-01
-7.218734249248985879e-01
8.580759074881263437e-01
-3.775563433472577946e-01
8.953006612610583392e-01
-4.927088724411344822e-01
-1.367229703531738894e+00
-1.531094348224740220e-01
4.088369988884101303e-01
3.313024096173893263e-01
1.712129035169198676e-01
1.046047810697885883e+00
4.148914659365218749e-01
2.156538902647542333e-01
3.757990773602415957e-01
-9.391508079108531470e-01
-1.095073590874879432e+00
2.687344579456417692e-01
4.197002406907030525e-01
-4.581642066990614381e-01
2.164336118583818913e-01
-6.872499535127369885e-01
7.186298912838824382e-01
-6.763517103059337732e-01
-5.567968851641651451e-01
6.001855240613048759e-01
3.206490519883187229e-01
4.315893250516518176e-01
2.956503562310829336e-01
-5.292383192024570082e-01
-9.763893823006029038e-01
-1.111622512096775539e+00
9.424801158624712683e-01
-6.106124455313591826e-01
5.868779406325127512e-01
8.681035651054183622e-02
-1.110453803394096176e-02
3.817030045307659991e-01
-6.506931742553643261e-01
7.604482291206362543e-01
2.157661324415954818e-01
-4.597280174953490839e-01
1.547698439985925600e-01
1.095495087462085460e+00
-1.077390548946149496e+00
2.358957414561546895e-01
6.746746968989894566e-02
3.281493304062964578e-01
9.017675856262308276e-01
2.472510809259746534e+00
4.035132147904834099e-01
-3.428822804262238177e-01
2.597496297860367731e-01
-4.692559798184040010e-01
7.169910478997708614e-01
-6.806495138991829064e-02
-1.971792943161648493e-01
1.528618215308440664e+00
-8.339280401228307826e-02
-4.663661246643036606e-01
-2.020538823250962679e+00
6.866550074348649613e-01
-9.283036778822437163e-02
2.155528877952024580e-01
7.621458188996013509e-03
4.438400691108898566e-01
6.210574816719660607e-01
9.973722017074964676e-04
8.347091265658341808e-01
-7.465235050109273462e-01
-6.015164904587723127e-01
2.474855835421383432e-01
3.117217193112812867e-01
-9.285704485839162414e-01
-8.506210197977575049e-01
7.225839793849356818e-01
2.327791502813187363e-01
-2.468896801932471408e-01
-1.893740675043804611e-01
2.572765049935143433e-01
4.773281967404267023e-01
7.036351788264401108e-01
-6.163585074445285805e-01
-3.908140857163920345e-01
3.717903056312200638e-01
1.654467566610128282e-01
-5.496693519349601376e-01
-5.457336024966645827e-01
-1.170604347077693230e+00
-3.594430354400056093e-01
-5.183012626892625346e-03
-1.185574615189559367e-01
9.317183681271348217e-01
7.814191838760888853e-01
-1.500008659132558098e+00
-2.569825529315279411e-01
-2.055991716820202431e-01
-8.021969788331275719e-01
-8.004112122043374189e-01
