-8.290609037625735755e-01
-1.367997562706184667e-01
-4.061363105856197198e-01
5.968503072181974289e-02
-5.222221137536302571e-01
-5.307131545261301042e-01
6.306492624279556036e-01
9.826756391822117909e-01
3.453508823117199533e-01
-4.701916041977103333e-01
1.703677383997617978e-01
-7.481186840620253076e-01
8.272806714803615513e-02
-2.127336133063753021e-01
1.467394289176675581e-01
4.614489783586754879e-01
3.014778820812078486e-01
3.217473470729699248e-01
1.230432117246265111e-01
-6.853178943299382819e-01
7.582523849368074664e-01
9.058190009720377134e-01
7.415111691375697589e-01
3.741766896582010560e-02
-2.245160465066500244e-01
8.517884802020270207e-01
-5.094388187380751720e-01
9.863344979311212679e-01
9.889473926130809556e-01
-3.190160010941123225e-02
7.015715479176012348e-01
-6.716602329936964821e-01
5.188492230699142116e-01
8.459155593936882322e-01
8.520804814252436188e-02
1.456963164781703846e-01
1.195806615301524545e-01
5.137034163728091407e-01
4.567734384095962774e-01
-1.873592642189714219e-01
9.498181765300903745e-01
7.011407743741837617e-01
1.576592757967272274e-01
-1.276011115351676217e-01
3.519802358675869769e-01
3.493019937451939949e-01
1.856883389235199910e-01
3.508762741946065411e-01
-3.650915057654644524e-01
5.830523812911994064e-01
-5.707574750876178715e-01
8.806814592425324939e-01
-5.904732446633635945e-01
-8.276962004010472995e-01
6.155003176677071863e-01
-5.402793424382374976e-01
-4.512662080191121028e-01
-3.496249151098453911e-01
-3.032029319718118066e-01
9.628624100077167736e-01
-1.720105355993633012e-01
-8.244898715790607291e-01
-3.903293503270728326e-01
-1.808813235729471725e-01
6.071764780533639438e-01
-8.627496741278184444e-02
7.146931596593664171e-01
7.836043936510415087e-01
-3.758297392101117573e-02
-4.135488728914806789e-01
4.081250103627283021e-01
-3.369425860405605988e-01
8.949606420219315961e-01
-8.925069376996073167e-01
8.263963161932630364e-01
7.913019934739851102e-02
-4.623282027580415399e-01
-4.255891596420402490e-01
8.228815150193351524e-01
-2.532196466388647593e-02
-8.864502035528230017e-01
-3.447984990374879377e-01
9.949616185929692769e-01
-2.328829592268222282e-01
3.062034669166742162e-01
1.291119859467577680e-01
-4.411593340073609593e-01
7.771777531161117025e-01
-1.710873390091738333e-01
-3.437075411380048351e-01
-2.375296283572136957e-03
4.428832285419201931e-01
7.942014138391575440e-01
1.545399162289295969e-01
-7.711599177168042552e-01
-4.080581354558445728e-01
6.056076328144921472e-01
1.622303822029735887e-01
-7.132860701406837922e-01
5.810482389201214737e-01
7.848450262695914059e-01
7.247782387314427588e-01
9.637409907596909964e-01
-3.957827731469707455e-01
-1.667870046625506142e-01
-2.709270281623240573e-01
7.127333214383568816e-02
3.436151163713119239e-01
-9.635189057682052027e-01
-5.081800674115892757e-01
-3.333432732505126062e-01
-6.329098435890532226e-01
-5.358690359140765302e-01
3.225628027362277273e-01
2.617897227227712342e-01
-1.365278677182237832e-01
8.751938084057053757e-02
4.374933780568865949e-01
9.641371030796657138e-01
-7.769269758204888632e-02
-8.814846561968232852e-02
-6.919448344074472512e-01
2.702338328114819443e-01
-6.779459060173214091e-01
3.422003242431010950e-01
-7.341887214945144180e-01
5.149511586900401561e-01
-3.602922897552642834e-01
8.875263748045996159e-01
8.501212763048640042e-01
-1.338013411882037484e-01
7.599949548205442440e-02
-1.247151478312269468e-02
-4.428053217087511428e-01
3.329446639990596424e-02
-1.462592890690779246e-01
2.066978789352176271e-01
3.054697588933834584e-01
-7.879028426912664251e-01
-3.182383605911454083e-01
-2.030710358112466363e-01
-3.034866831684042143e-01
-3.108510027388544650e-02
5.333041947992689380e-02
5.872521306782405581e-01
4.059300178512545987e-01
-4.112118563234492541e-01
7.934527508421940212e-02
-1.756585235062433359e-01
8.126241965320377680e-01
-3.188556448386714592e-02
-6.509062668986318467e-01
-9.623393139630875837e-02
5.786983770422027273e-01
8.146395342292065411e-01
-2.726077425982993407e-01
5.230605866538140525e-02
-2.966809597577111379e-01
9.688406097031820874e-01
7.052755501308192176e-01
3.174964691403623362e-01
-7.208043069739267228e-01
3.006630140476267421e-01
-7.787797461630809881e-01
7.575259531713687267e-01
7.442607383346695471e-01
-3.821785757743552114e-01
1.649031603609904528e-01
-2.826552807962150471e-01
8.604452414481640332e-01
-8.461809374000717199e-02
-7.088468196426773726e-01
2.533643945084347315e-01
2.397858994992068116e-01
4.854565048614751799e-01
1.436388144168112557e-01
-4.030999570298532397e-01
7.877274494162391782e-01
4.029650774468449548e-01
-9.591714809598983482e-01
9.952226420028167375e-01
-1.520025401155056244e-01
4.290071027010398108e-01
-7.190810950741279850e-01
4.232885072456120668e-01
3.080405706177860026e-01
-2.778437212523869881e-01
6.751479966017130963e-01
3.221746683681878665e-01
6.953313583956806099e-01
7.936885560501008019e-01
-5.061128119723112828e-01
-6.611202884887446007e-01
-3.442663009601603097e-01
4.350049228277319546e-01
3.731038219548258872e-01
-1.041818974123551955e+00
-9.342327689956266834e-01
-7.926151539465762230e-01
5.133431518737863186e-02
6.175810511802621861e-01
-6.145647537572955788e-01
7.575738017327398044e-01
1.105577517552467359e-01
-4.785802088367274720e-02
1.546522032933319579e-01
-1.428173631396816301e-01
3.409888265140093022e-01
6.722515120508159026e-01
-6.727352198477267731e-01
-3.828341060489348635e-01
7.112959816883979158e-04
-2.113457782090175652e-01
1.138390481890445560e-01
2.752356636413020308e-01
-9.910439118243083989e-01
2.594971271343047281e-01
8.058883591294159210e-01
-9.921477336845110351e-01
4.096831180065855227e-01
9.052500077419569635e-01
2.070453695417175943e-01
-1.439419290450787203e+00
-9.029434594677858694e-01
-4.692751357916773447e-01
-9.253635399887867319e-01
6.499035471961298605e-01
-1.145588132561838890e-01
8.379475332845225388e-01
-6.133934953994866213e-01
1.666612528510284796e-01
-3.144520506019856665e-01
8.985957741384704711e-01
6.800535724571128426e-01
1.261766622017950201e-01
6.425455223135494442e-01
6.216762739893395562e-01
-5.339873845223461757e-01
-2.667031855370827209e-02
-6.777720478320743425e-01
1.906610684666354416e-02
-5.438449793110189390e-01
-2.780435907043155019e-02
-9.137335912966910723e-01
-4.604871552737477280e-02
-9.400700430609032487e-01
-2.941162989839827269e-01
-5.098988347265662746e-01
6.428682437999613253e-01
-8.376493652464171991e-01
4.509947063043746596e-01
-9.135844664473401489e-01
1.641710993034783961e-01
1.676033413459692145e-01
-7.541243834650881439e-01
-9.471229693854876786e-02
-4.064134448873737426e-01
3.966026399224253929e-01
9.762360291862064443e-01
4.484195745580858983e-01
6.610613258428110761e-02
4.233065976506351635e-01
-6.299854493312098125e-01
-5.964261584093215607e-01
8.746079314560275542e-01
