1.466870966724636016e-01
-8.698863788425696963e-01
-2.266487396288128231e-01
3.084237839806254211e-01
2.486916171642474804e-01
6.150178407663653424e-01
-3.669918899909918597e-01
-6.752464677702050277e-01
3.433157755417297619e-01
-8.547103866544905060e-01
-5.284681118545361267e-01
5.774252762614966450e-01
1.226946472639467434e-01
7.813952675221929045e-01
-2.171878617889859697e-01
2.998363891473005971e-01
-6.837379430282086723e-02
-4.127890452356270945e-01
9.219290079482056477e-02
-8.401057786183445675e-01
3.575701392428021208e-01
2.107055590515896082e-01
-1.003284476730177399e-01
-2.982570445168641893e-01
-4.949522341035472728e-02
9.991933191646262813e-02
2.256552944370742164e-01
4.659110243207547075e-01
-2.325129940722969746e-01
-3.531864878787160933e-01
9.619796432817211418e-01
-4.463287768571837510e-01
7.189891118001436876e-01
9.570295745480823513e-01
7.841197480578383505e-01
4.376900002567454262e-01
-1.734018507510479701e-01
4.039246178842108570e-01
-1.566892725165638378e-01
9.160435645367976942e-01
9.986125589472196751e-01
-5.289518888089126403e-01
-1.130360474560276884e-02
-4.002124371615922716e-01
7.493588294062281108e-02
-6.436786932716973553e-01
8.238923205938779581e-01
3.544759608744847412e-01
5.623070842428996574e-01
1.893129476168167180e-01
7.529000074138689769e-01
-4.921499049556585792e-01
6.287071841341332901e-01
6.925654565616690128e-02
-3.299585695527320617e-01
-2.789720636136079346e-01
2.060482457266967771e-01
7.355018669669322051e-01
-6.799838201219339240e-01
-1.765042518438506569e-01
-7.211552554807942883e-02
6.563709417398233548e-02
-1.005992340316175238e-01
-4.169143261629573161e-01
6.219233039788008011e-01
-4.413261843156488506e-01
6.281735511352493084e-01
8.680006446266321785e-01
-6.895960526461377693e-01
3.556433266892922163e-02
2.343692187318495712e-01
-4.785440183281812754e-01
1.292164049194766129e-02
-4.069444944493296190e-01
2.774984006678833381e-01
3.180728544883109077e-01
2.890099489850861403e-03
4.323442752978279291e-01
1.263375974026073045e-01
-2.290801113311375925e-01
6.334277518879196656e-01
-5.951972194297574514e-01
3.633269306335558113e-01
2.548492807345075217e-01
2.568435960194999090e-01
5.330929816763769757e-01
6.571539918131896751e-01
2.220363235359705811e-01
-4.982576115475159106e-01
-8.562421233057064818e-01
-5.990221065557042035e-01
6.592764602487204417e-01
5.528674201705774394e-01
-4.068936657801109913e-01
8.740722197242978275e-02
2.510462737358514218e-01
-7.267818777802053098e-01
5.972093215798017773e-01
9.420804564284626093e-01
-4.619854078639318296e-01
1.240970696502203818e-01
-5.880742528040974193e-01
-5.167420663972144279e-01
9.524140407455825574e-01
-7.451292225458836516e-01
3.097600005296274883e-01
-5.330001371056374282e-01
6.494781989688547252e-01
-5.434953065679866135e-01
-4.057881000985370523e-01
-1.728427798736824617e-01
5.086505428326102418e-01
6.457605184730952352e-01
-9.931054740099320988e-02
9.056636481595629062e-01
-1.275588798422269132e-01
8.128267825703630600e-02
1.205819192958354491e-02
4.124667879692742734e-01
-4.181376836871739666e-01
-2.871227303730206071e-01
6.591705601536121950e-01
7.220242253199948834e-01
7.905099038618934593e-02
8.890715271577527279e-01
-1.534174314669438655e-01
-8.975375235018048237e-01
4.417133395482253366e-01
2.762614782945149727e-01
-6.316340078637123767e-01
7.891521885045811313e-01
4.812609575834916331e-01
-3.967871495230412826e-01
-9.293707796432157942e-01
-7.662701359319925576e-01
9.496248747508431176e-01
1.077819328075952932e-01
9.278433689725893441e-01
1.684550545959394019e-01
3.635645469202748448e-01
1.272270647565061363e-01
1.063183893100783095e-02
-8.656355300794853491e-01
1.008421183667436161e-01
-7.412177988093038294e-02
9.540893415381583864e-01
-3.138735209431193773e-01
3.275601788531021796e-01
6.106400320949856297e-01
-3.352675950208983124e-01
4.545347309590879181e-01
-1.164870746880370955e-01
-3.944992168591543447e-02
-1.999296961832547348e-01
-6.983549690494128548e-02
1.631361602913778963e-01
-2.895745788139418853e-01
9.813499762456177056e-01
-1.025628289544999738e-02
-5.519282243947132294e-01
4.467369780836154547e-01
-3.998966850071759005e-01
9.788839587048436819e-02
-6.508310887688117941e-01
-7.141703581391307676e-01
-8.938335595470023875e-01
6.156321956145667240e-01
6.603026394483595407e-01
2.313470629443274973e-01
-8.428341262808194401e-01
1.555693102769994951e-02
-2.489701742284613495e-01
-6.736277013069169595e-01
-2.444938151684967753e-01
-4.854202466806032401e-01
5.305131966606140281e-01
2.633347725717076759e-01
1.939964296559963941e-01
8.002488011803920998e-03
9.702865233396451572e-01
-9.159600427842189418e-01
-4.261038991357075645e-01
2.990144478670164752e-02
-6.650760531126298503e-01
5.396466100993164705e-01
-7.695233212186627370e-01
6.466249430678605581e-01
-2.941980903986762819e-01
-3.778269864455541249e-01
-1.036014799742557280e-01
6.521910553039769187e-01
-6.690702972000361903e-02
5.140471707985110328e-01
-7.025234814598655397e-01
-8.483674436332377944e-01
3.204026807874096328e-01
9.818170022762529037e-02
-2.380385636329949151e-01
-7.573478946153522351e-01
-8.577772706867401453e-01
-4.446312220653834135e-01
1.555951533743753501e-01
-8.665445770328727981e-01
-5.105427535493983759e-02
-3.399270393335434015e-01
-1.587018732661868992e-01
-3.278433863428276140e-02
3.698244595208926011e-01
3.318544674153922625e-01
2.659693978419070959e-01
-2.881138756148531321e-01
-4.162047242970985383e-01
8.517772206794886891e-01
-2.567857007778118206e-01
-6.501508800305959568e-01
-5.463170775551497993e-01
1.801105844654704580e-01
-5.502533125923179114e-01
8.870406305896947341e-01
9.534011577562424566e-01
-5.281347335682826660e-01
-8.398857754378745710e-01
-9.546809597627576860e-01
7.679506492618057845e-01
-1.794703121390788247e-01
1.817620461870217419e-01
9.639282774568156409e-01
5.388437916175323750e-01
8.082233000927869782e-01
-9.957750510829579405e-01
-6.555264878948239282e-01
-6.910064599872058899e-01
4.616063441956907987e-01
1.762190969031216525e-01
9.736329808346091408e-01
8.931965259210901120e-01
6.956379568218573617e-01
6.805211873936622968e-01
9.079950159133625132e-01
-6.708068227827341801e-01
-2.305620215211905411e-01
-8.626831239636347792e-01
2.700011655639683594e-01
-7.969034359446649507e-01
-4.599238236871039387e-01
-2.735295275110127822e-01
7.973452555949753773e-01
7.402284815103763460e-01
3.012970743223390979e-01
3.100550905924572831e-01
4.917322115890501166e-01
-6.719258174933711025e-01
-7.747130769143151241e-02
5.851407173557476860e-01
2.970487326052673183e-01
-7.717025591413040342e-01
-1.141290121989537720e-01
1.454635944234734524e-01
-6.834822286103823252e-01
9.240276538805922701e-01
-4.857617572740071665e-01
-6.213189893420698606e-01
8.600314460728140098e-01
4.729208623612020101e-01
8.272824211737808131e-01
