-1.970489477000245770e+01
-6.642391881818705990e+00
3.265613426151445253e+01
-1.781136812658259683e-01
1.523714278041286008e+00
5.016851845444014746e-01
3.880290743574362295e+03
-1.123008115390755535e+01
4.780809666256324817e+03
-2.598961958501345926e+00
-1.213724829740055533e+01
7.079643104138381382e+00
3.263807997901006175e+00
-7.168848028714989162e-01
-1.153527316355792465e+01
-7.225643587738443507e+00
-3.741378906604118674e+04
2.376592962402029663e+00
1.580589223804103938e+01
-2.024913863225730637e+00
6.035996568261033701e+00
-1.876573879369929614e+02
1.447721681236065816e+00
-1.218202524779406604e+00
5.001856745004293003e+00
5.035430077538983085e+00
-9.544487711501172953e+02
1.540058305714543663e-01
-8.717520592514314615e+01
-1.156056288595141979e+01
6.971422485818163928e+00
7.547847173571647694e+00
-1.994947787927596750e+00
1.273472480624065817e+01
-6.146198508623387902e+00
3.906675932240076143e+00
1.356577805843215028e+05
2.360572961022056049e+00
3.112839846833389402e+03
-2.191920412234602225e+02
1.245734770032362704e+01
-7.190682330777865339e+00
-6.922125892548539383e+00
-1.232820236881950571e+01
-1.283835988095818337e+00
-2.446980100582352990e-01
2.624276410346633565e+04
6.416641066123951020e+00
8.478037261533410174e+01
9.704194185888862734e+00
6.428642358475871177e+00
-7.899431916521501762e+02
8.108116554956013022e-01
8.201358138392006225e+00
3.231378555159120092e-01
1.748152618520482093e+01
-9.166617655527864450e-01
9.019033437123564312e+00
8.755866969891001936e+05
-2.307234658862161325e+01
1.513438017838672600e+00
-3.804041852373924257e+02
2.416555444163129174e+00
-4.516505572803322366e+01
3.714785717896261730e+01
-1.577035022356862548e+00
1.726717403796227882e+04
-3.593633838449002416e-01
-8.028717064560350263e+04
-3.571182666007912587e+01
5.053108784017366517e+00
1.137326256935957502e+01
-1.215379924552225877e+00
-2.360881516020003446e+01
2.804940461521492345e+00
1.632722860429984824e+00
-1.571157711722872773e+04
5.939915375584490675e+00
-1.582079493774004675e+02
7.282552992097609490e+01
7.102610444493095976e-02
-6.164677824668225412e+02
8.404456229533943112e-01
1.314540463521370270e+02
-4.655038847506085098e+00
9.527784356556523448e+00
-4.119090014523792143e-02
-3.120649343907879736e-01
-1.615275694870590232e+05
1.059473894889279677e+02
-1.264839757158277900e+00
-4.377414267384376672e+02
7.404619167832205306e+00
3.888664689062904856e+00
6.183319811425931345e-01
3.125196387326878877e+00
-2.070308552860968376e+01
8.856425137718336060e+00
-5.215220653914404829e+04
-7.862666449653842449e+01
2.385306360892384792e+00
3.914586460218444586e+01
1.602290835907193767e+01
-1.194041550718330669e+01
2.530783570981791897e+01
-7.409541446831058309e-01
-1.656443029471588169e+00
2.013015130578857992e+01
-2.210016081886827521e+01
-6.691486488129078225e+01
-2.082107888897790637e+00
8.305160986802368939e+01
-8.838304516200908623e+00
-2.517695411574177911e+01
2.620702704724095611e+00
-6.228847938973768095e+00
5.167076905787104124e+02
-3.674694476662550890e+00
7.928630183866633161e+03
-9.928379616863655599e+01
-5.548309776943820548e-01
9.266498997622419154e+01
1.337119173452456788e+00
3.913902817513217780e+00
-8.362514804939294777e+00
-1.535501210817583173e+00
7.141051495990220488e-01
-3.144409841371109238e+00
-2.576555501321070187e+04
-7.018265628761540142e+01
-1.998047607224809674e+00
-5.521436129490290057e+00
1.117535982635800673e+00
1.169438076483265654e+01
-2.475751400982395989e+00
-6.741779227734513213e+00
-5.510427754141257610e+05
4.025642241186844217e+00
-7.001484638653022557e+03
-4.658553356445191973e+00
-5.684786645161286955e+00
-8.539820622751044255e+00
3.135926229502032925e-01
6.886204782258955603e+00
-1.118386896662871971e-01
-2.975254023498125414e-02
-3.958493529298776181e+00
7.164679873943918809e-01
-5.597497660512873452e-01
-2.604105249267329825e+01
4.815863873705944487e-01
-1.186315830752926459e+01
-4.555568392748081408e+01
1.127492476453743642e+01
9.882843038780972478e+00
-5.731501547978152367e+00
5.971916130343424811e+03
1.449033566167674536e+01
3.196957196028171438e+03
5.850315817418322695e+01
2.074302608712842999e-01
-1.454107307796893012e-01
-3.510183449148724488e+00
7.671528223816594050e+00
-1.631448547322199571e-01
5.111850981880565747e+00
-1.294069777870901987e+02
-1.691820608063910214e+01
2.198080095318741201e+01
3.202048426394993044e+02
-6.137905896708737430e+00
3.686356560441751640e+00
-1.498878110129354679e-01
3.310551971860816423e+01
1.667654412727642033e+00
-9.423489778159020602e+01
6.718339398544697906e+04
-7.410302592731297100e-01
-3.344924214667588472e+06
4.189155389913437944e+01
-1.647216681303551145e+00
-4.261608886361529791e+00
7.995253215841259253e-01
-1.399886150757014835e+00
-1.505520271080844408e+00
1.272792944618497124e+00
1.830832531383748130e-01
3.725993426431617017e+00
-1.185236573449664093e+02
2.426594107135973122e+00
-1.524462792024410818e-01
2.833179275727790269e+00
2.224057248696167832e+00
6.655780797659362591e+00
1.460814560530071526e+00
1.333571920228317165e+00
-2.911458582235532958e+04
-1.633764749795633575e+00
-1.920877722941793036e+04
-3.702584571405081704e+01
-1.303410566710298646e+00
-3.259835968953126439e+02
1.269091210204488895e+00
-1.277147708502849710e+01
8.967942169789470341e+00
-6.966240959291313928e+00
-5.630361153933048399e+02
9.501890404460771933e+00
-1.345416839179439994e+05
2.126375296337331520e+02
5.243974721975813935e+00
6.962591222636536514e+00
2.216217602486645077e+01
1.320689362090269903e+01
1.024024097233589359e+01
-1.725091470274098356e+03
1.120038172397945786e+00
-1.594333254383508258e+00
1.040918875755052431e+05
-6.510194361741461933e+00
4.013497816414684057e+08
-3.769663557129288911e+00
7.973598793325502587e-01
-4.453216888607720025e-01
4.152528274389986109e+03
-2.028767471654736809e+00
-7.934981734949545285e+00
1.058066808928618263e+00
-5.360592741713285250e+02
2.848235426217829769e+00
8.593506526702614501e-01
-1.775660582982101054e+00
-2.843518231829281717e+01
1.396503990610486653e+03
5.164781270681692682e+00
-1.268861936665023116e+01
-9.411023900046560087e-01
-1.363136928384344415e+01
6.220639346031337482e+04
-8.819153856975560757e+00
-5.129481285231177523e+00
4.826651157092806343e+00
-7.860893916439587459e-01
2.064321149892529377e+02
2.239046210861793540e+01
-3.464629433015368249e+02
3.224820025626593534e+00
5.098288729262368868e+00
-1.394640812325244728e+00
9.617066834186331107e+03
-1.495817765199621174e+00
2.788225482186771909e-01
-6.748983600820659956e-02
7.776374287347711523e+00
-1.454353805252981413e+00
-3.384637251511680661e+05
2.929717913688397957e+00
1.085046082887730634e+01
-2.770268022217838855e+00
-5.435022942979924119e+04
7.854916554534138728e-02
-1.865977311439981357e-01
4.558983724664773263e+01
2.459923566797707295e+01
-3.521340417000305312e+00
