-1.970489979831713256e+01
-5.260512847583847851e+00
3.265666159668684543e+01
-1.735821728551870391e-01
1.523713725359616245e+00
3.151129183560629210e-01
-3.219891774520101446e+00
-8.473200297289237071e+00
-8.106288839475260133e+00
1.553432147191458057e+00
-1.214044087129894578e+01
5.363295576167988798e+00
5.374544213180390884e+00
4.609054974817805017e-01
-1.150917011471136142e+01
-1.126057618790725989e+01
4.681080415147537366e+00
2.584488221313034906e+00
8.539519389420362927e+00
-2.102446037230146114e+00
6.035508679803847087e+00
-5.460296075649203118e+01
1.447686718791104887e+00
4.608216830997697439e-02
5.602450810425139593e+00
3.919785717436919281e+00
-1.039915876087487959e+03
1.356184806425571487e+00
-3.980910020995789278e-01
-1.156061100293318411e+01
6.971416594515212672e+00
7.770621180991942545e+00
-1.994684607506000740e+00
1.273471010923795710e+01
-6.146199827786059444e+00
2.950332624419632399e+00
-2.750717163766721818e+00
2.123309204248404747e+00
-1.142302897674883155e+01
3.770459987529378498e+00
1.245734802929870533e+01
-8.447447101303602324e+00
-6.922148796825416284e+00
-2.334398344292884175e+00
-1.284021246904003100e+00
1.391854045759235159e-01
-3.155728056013498772e+01
6.413378666055302268e+00
8.478005185015894085e+01
9.600840253956903325e+00
6.428537870191303405e+00
6.454764787442687890e+00
8.109514204091161638e-01
8.190942051409937363e+00
3.520292316394437737e-01
2.342796667915729714e+00
-4.852790142600305057e-01
3.040384997742122231e+00
4.901914527140157629e-01
3.920758899886705784e+00
1.513433235994983583e+00
-6.180932683963513341e+01
2.416553201631414183e+00
-4.591757276287835055e+01
4.590328852004383009e+00
-2.060437321018597778e+00
3.834014212877276506e+00
-3.594171061369946241e-01
1.082187202704702500e+01
4.173404227447226944e+00
5.053104288700763114e+00
1.098746778495893395e+01
-1.215056939686068871e+00
-1.005852443986459122e+00
2.804938751132013852e+00
8.341183238760292440e-01
-4.576872063380560718e+01
-6.503177519512204352e-01
5.978057612901489293e+00
7.282489948412812453e+01
7.101288402261389521e-02
1.565738228831861978e+00
8.404577168104029328e-01
1.903215897033047055e+00
-3.187680441892939420e+00
9.939676532432120126e+00
-4.085253120588759890e-01
3.317327830888513684e+00
-1.615290391472023621e+05
1.312388270279173152e+00
-1.264798891987475526e+00
-1.519030186459244813e+00
7.404618135141188162e+00
2.188004627426509252e+00
6.185796253877188233e-01
-1.527737804114458253e+00
-1.369888664009266321e+01
8.916931542004352451e+00
-1.539897331366045000e+04
-7.862556907301592446e+01
2.385297984259081794e+00
3.896518840183036048e+01
1.602291999483537310e+01
-5.038715977401883706e+00
1.824849543356205928e+01
-7.408466193098317554e-01
-1.586131020378034329e+00
-5.324349938706042451e+00
-6.680817643761766789e+00
-1.299447679065746097e+00
-2.081937962142741405e+00
2.062065477446206607e+00
-8.838254155970995285e+00
-3.224685870018948464e+00
3.668424025210421657e+00
4.342185254504168368e-01
8.363182856394082876e+00
-1.539441707452707586e+00
-9.320822670688656331e+00
5.381516808903036519e+00
-5.548537486070832525e-01
2.147801635295975231e+00
1.337173664265892459e+00
4.202017391192540141e-01
-7.898309043419127207e+00
-1.650060930157193351e+00
7.140124518190587022e-01
-3.144306657618210377e+00
3.380604860175252302e+00
-4.770998708956433632e+00
-1.998024579465855544e+00
-5.492606696230870611e+00
1.117459342296929226e+00
1.162582594305424166e+01
-2.468613302696484713e+00
-9.740754312104028756e+00
-7.572938122444032860e-01
4.326016843951312474e+00
-5.177752698220731872e+03
-2.487953257593098488e+00
-5.684425035186480457e+00
-8.542599966675547662e+00
3.149558529673485707e-01
6.294634071895012006e+00
-1.118386636776952658e-01
8.124578759619616175e-01
-5.091740816261776104e+00
1.646847067692264854e+00
-5.597806056691800869e-01
5.568092675629356059e+00
4.815866425914547833e-01
1.656437609280288159e+00
-4.555666714796748806e+01
7.255225795574664183e+00
8.503285562535088715e+00
-5.731537772046930712e+00
-2.073530889983629666e-01
1.146359615992151304e-01
-1.917544458659355655e+01
-4.502010505658887496e+00
2.074308889547925028e-01
1.241236194043333907e-01
-3.509950969957581712e+00
7.786045795739445552e+00
-2.699954183881925207e-01
5.108628361866690781e+00
-8.567858192497345371e+00
-8.933126960119846416e+00
5.233564975569255040e+00
3.050723412620002364e+02
-6.137906472370492139e+00
3.405679914282305543e+00
-1.498871740681717579e-01
2.452114832998674743e+01
1.730780699225129560e+00
-7.464732991777313487e+01
-1.098383527675407656e+01
-7.410303530160101682e-01
1.149465600562677814e+01
3.116076987154478672e+00
-1.647217012091526156e+00
8.307203973986967416e-01
7.995378412798151979e-01
-1.679966604142628661e+00
-1.456364754373495662e+00
2.672705432778845314e+00
1.835555258562509284e-01
3.387698488194727631e+00
1.925062847006754119e+00
2.426245744509060387e+00
-1.496849392544740143e-01
5.344467345309151796e+00
2.224499995976812805e+00
6.662741702230161600e+00
1.642711957363458097e+00
-5.309359385424254896e-01
-2.911810622051554310e+04
5.191873248022313980e-01
-1.920360824890424556e+04
-8.260490310710876471e+00
-1.303410661494031508e+00
3.364993298946892963e+01
1.269091809696397011e+00
-1.277139382032344450e+01
8.968020034814053076e+00
-6.965406470809051953e+00
-1.311747644780207054e+02
9.501905816928289283e+00
1.119095448521722247e+01
3.920228125070905012e+00
5.028319103997848316e+00
7.028791056867301990e+00
9.000135320646609927e+00
1.320684402054168949e+01
1.024045526815313778e+01
2.670471387747096692e+00
1.929002193041445157e+00
-2.180051386920498491e+00
4.556310324307846216e+00
-6.509355747654208102e+00
-1.234713996552462001e-01
-3.285453268111923730e+00
7.973465050649639618e-01
-4.501775709882837595e-01
8.526271712201250352e+01
-2.028059643846503057e+00
-7.933356677623368824e+00
7.762776637982422567e-01
2.040998300432644630e+00
2.848235865070653627e+00
-5.388881248944584756e-01
-1.775772816343197391e+00
-2.844221009582810211e+01
1.396496882162135989e+03
5.165191128370692830e+00
-1.305173689070462473e+01
-9.411029798910166555e-01
-2.465950726167008256e+01
6.217957532515158528e+04
-8.822354127065072049e+00
3.029814572125137939e+00
-1.805197383112920217e+00
1.251311039365349664e+01
1.120430162989090839e+01
2.231826963790668827e+01
1.246069942823419818e-01
2.075027653162972108e+00
7.257697461666769989e+00
5.849091355189810909e-02
1.932211834546636453e+02
-1.205422964462601887e-01
2.788225329727413992e-01
-1.712418469354381190e-01
-3.223611672172176368e-01
-1.454345253842529662e+00
7.448600402271620347e+00
2.929728037600354273e+00
4.310612201386571307e+00
-2.770361730382265630e+00
2.406348999044804593e+00
8.878565183921043047e-02
-1.865977119150092622e-01
4.559014078595324548e+01
1.192299677511362788e+01
-3.521228547558467703e+00
