5.821760309856385263e-01
9.697430105106592535e-01
8.829358781230354225e-01
9.146900657044165772e-01
8.193421004957635034e-02
-6.984262673525327703e-01
1.245306417841363533e+00
-1.077265989845575200e+00
-6.046647024460122255e-01
1.181908814865785473e+00
2.452914535571118493e-01
1.234089967487728146e-01
7.641316145775534086e-01
9.360357651930568679e-01
-2.540854336413023162e-01
-9.256635344977361957e-01
-1.002020014833004957e-02
4.588461526741800522e-01
-9.761898303273701671e-01
-7.172172849516664575e-03
6.538782064945611872e-01
-1.649874299173077485e-01
6.027185632988611985e-01
-3.062971051948928380e-01
-3.547768039111520721e-01
-5.524558742046816739e-01
8.624561973300015616e-01
9.758732553815616662e-01
-9.922168568437379488e-01
-1.519521525387579342e-01
-1.143907987629466660e-01
-5.802230956058098688e-01
-1.999306532167710593e-02
8.718603582935764429e-01
-9.940171095256504774e-01
-9.588293887357921541e-01
-7.808665462773705102e-01
-5.219571964553322285e-01
-1.452186444945399724e-01
4.689416663025822718e-01
-7.385547636542699745e-01
4.433397014614084419e-01
-9.849402236859192694e-01
4.281305946869016776e-01
1.735858247573007773e-02
-2.242458433805094575e-01
-1.030757565787920882e-02
-4.516343056477108986e-01
-3.913280329565949622e-01
-1.353491526404976941e+00
-1.114882767171005984e-01
3.892403193700360031e-01
8.788039611233189330e-01
-9.782804716536999123e-01
-9.445350341314764364e-01
-5.332328868678641864e-01
-8.384635874242851727e-01
-5.318493302641651432e-01
6.420302992550475096e-03
-3.005336791035522204e-01
5.544178800766832449e-01
1.408323272278009242e-01
-8.342731575876565220e-01
7.149965209062727478e-01
3.308607018288154400e-01
1.148682483396508358e+00
-1.707805305175842392e-01
8.670903563950231874e-01
7.281144775798575886e-02
-8.447708952798109738e-01
2.574316918080949979e-01
3.405088591193856651e-01
6.772739626561705695e-01
8.987374882479688409e-01
-8.424835178647884781e-01
-1.387274005584996805e+00
5.980301182419704986e-01
-2.791195295958628364e-01
-3.504883788935526656e-01
-3.888615115159708147e-01
-4.448095581543012322e-01
-8.650166366635485549e-01
-3.472202945446682953e-01
6.984747176354659803e-01
-8.323741203358938634e-01
-5.832372469776401225e-01
-1.267567280387380535e-01
1.313595315734306102e-01
-3.996013305816288330e-01
6.484123283792584402e-01
-9.512048708116429552e-01
5.743447354694315443e-01
3.068655562594451158e-01
-7.764797911630993976e-01
4.630363905072660824e-01
2.146992471756237197e-01
3.189677898664355915e-02
-3.046605583393884320e-01
-9.013322861343044945e-01
-6.956246795230647262e-01
4.385013410531124478e-01
3.395470100037295547e-01
-8.333016851702383931e-01
2.262200925125730233e-01
3.434578009508681973e-01
6.720862848979496373e-01
8.245731297712497465e-01
6.996034317532351388e-01
-8.508544248707041735e-01
-9.907026822868192362e-01
7.536498300478786661e-01
7.304782175012958234e-03
8.799836368899227601e-02
-2.986398100763318908e-01
1.633213803978355028e-01
-3.184330690583854206e-01
-9.949788488873276826e-01
1.760336449553594473e-01
9.819309414356074406e-01
5.877872296299391230e-01
-6.387047922810900058e-01
3.890981170129315103e-03
6.198502645683046097e-02
5.831784069925485259e-01
-4.856366504059796974e-01
4.802684947404491922e-01
-9.320065985708310130e-01
1.318163325516523710e-01
-3.942256835460291597e-01
5.962994884183092648e-01
-3.852704578883077158e-01
-8.372992104831367133e-01
4.462989169521887067e-01
-9.302396919416799914e-01
-3.249936975439959852e-03
6.063089182616134831e-01
-3.343706698289383716e-02
-1.424049814904768674e-01
-6.715594882013993239e-01
1.598060186318088771e-01
-6.209835938161925029e-01
4.282213254589692930e-01
-9.666433080950320722e-02
8.446542379246779753e-01
-7.892596412366779113e-01
7.320368699435320092e-01
-2.357654109434748069e-01
8.619092732951953995e-01
1.064890526847467100e+00
-9.429662982528512760e-01
-1.330493709393139046e-01
-3.975579728259829304e-01
-1.142991317024236175e-01
1.785014117553349600e-01
5.028687883185203322e-01
-1.518479990089440790e+00
8.664023736969894696e-01
-8.486077749667906289e-01
-2.732138925918230488e-01
-7.855116550615455218e-01
1.197330184915992302e-01
-2.790953142027494671e-01
5.651628048249526248e-01
-3.473603604074071427e-02
2.085104256288716762e-02
-3.879574199894502140e-01
-5.747764978014726633e-01
4.685517043679576776e-01
5.000127649126997476e-01
2.626396068643734871e-01
-2.539399196721454643e-01
-2.783750931831481257e-01
-8.233160117741220585e-01
-8.529763729456110166e-01
-9.725612989295533417e-01
-4.110399884750171040e-01
-4.017171629665801103e-01
2.558777313947739884e-01
-3.270864200874592509e-01
4.463612839163474955e-01
4.722012419579541542e-01
2.782328912903557772e-01
1.309999648366210634e+00
4.887160610500507207e-01
3.175755602859817728e-01
5.398806821524799737e-01
-7.476624092573218583e-01
-5.607681357625557972e-01
3.733453589470516754e-01
-1.412430912783846360e-01
-7.808249906094466564e-02
1.419980797332609512e-01
9.777884093788362652e-01
-4.185612138161280971e-01
4.826395606417646089e-01
-8.107001364943866584e-02
9.419242182785165785e-01
6.029686605626816132e-01
-7.655102002636555714e-01
-2.139735890260023865e-01
8.447784206738788715e-01
-7.386249572456367041e-01
3.575106241067840251e-01
-4.875270195424779018e-01
4.967750914878743540e-01
-8.960372834475873738e-01
-5.495254243129876759e-01
-5.005084844072376082e-01
-2.517710200411182875e-01
-9.984372508758654341e-02
-4.080851576490367449e-01
-1.526366669117233954e-01
1.361712917611135332e-01
2.027871782849739457e-01
1.377600294370737721e-01
-5.904412957858671263e-01
-4.074013488518080095e-01
-6.948860243451686625e-01
9.990564696226411634e-02
1.802762692705788261e-01
7.063605174709230994e-02
-7.831998594713607265e-01
9.906048986987452398e-01
8.460878379291656426e-01
-5.507311392276230677e-01
-5.528625487569838182e-01
4.804222744207475859e-01
3.711413619834729172e-01
7.906070871862962424e-01
-5.956420068903445220e-02
6.870106225466918737e-01
1.245818794534401031e+00
4.257165217141625213e-01
8.943222345920309735e-02
-3.065940562383653312e-01
-9.796633830417490474e-01
-3.998707437737338832e-01
3.434653277864510024e-01
3.651033131836893819e-01
8.837718578724638174e-01
-7.712518992088461811e-01
8.239851760791276902e-01
5.999784318567842334e-01
-2.420628485658568030e-01
-7.036518188632545634e-01
1.530010383310074218e-01
-7.466433549747755194e-01
4.621801122375766013e-01
-6.046391653861116211e-02
-3.779682760157760946e-01
1.911478875305951952e-01
-1.611788348490405642e+00
-7.874850015830303640e-01
-6.410920402889930259e-01
9.261889737076054452e-01
5.887616614812338778e-01
-1.066222701592412614e+00
2.883831566251937595e-02
-6.555573701610839521e-01
-1.592255854143891924e-01
1.409046777980205167e+00
-1.039267287174775733e-01
4.705830906930985602e-01
3.585694608612650658e-01
-1.527233615321701432e-01
