-1.483758108775254270e+00
8.923375280115243280e-01
-3.381572614806810373e-01
-5.783974392800756981e-01
-1.002077724187178109e+00
-2.870169615081618275e+00
-3.877257388771312430e-01
-1.029923782755385542e+00
9.541388952706908455e-01
3.796475489033362738e+00
-1.752091589760422563e+00
-1.363087388361272634e-03
-6.457014845894022415e-01
-1.547099150080776653e+01
3.906669914674479327e-01
-7.025397647261637513e-01
-6.597968165370270421e-01
5.775606119034605079e+00
2.337935218801149850e-01
-5.591620214529623434e-01
1.410256270903593734e+00
-6.081853455223393823e-01
-6.251306950675875607e-01
1.511537126332356262e+00
-3.082985602515154189e-01
2.302093267117818698e+00
4.390696035115452256e-01
2.735660137447444296e-01
-5.276480820103579550e-01
3.974336580575038025e-01
3.133226205314019186e-01
2.924958289480637852e+00
7.362822524041483518e-01
-2.339595357024404354e-02
2.248932785342482088e+00
-1.466640934788105977e-01
-5.673583721944828184e-01
-7.750174269108938141e-01
-2.834501029312391118e+00
-1.187598052969915940e+00
2.400472531800720066e+00
-8.069273914375709733e-01
-6.032298372911757411e-01
-2.732563400753873495e+00
4.968896522763005530e-01
1.808188927761094789e+01
4.119312312928229969e-01
-1.001848688843871571e+00
-5.932531483259273486e-01
-5.178501407765581099e-01
1.318369054434327836e+00
1.481774008456187008e+00
1.066138680452605403e+00
7.037597816360907643e-01
-2.208470996384012786e+00
5.678318535786829324e-01
8.621252273065598271e-01
3.364978625518258992e-01
1.260137748404195790e+00
-1.406347691618995421e+00
2.485308877161779062e+00
-9.965951771698362549e-01
5.361832588722371007e+00
-1.366850963725952273e+00
3.517008749100367093e-01
-3.905393747642211810e-01
6.698633750342856963e-02
-5.990452996791687523e-01
3.127018829754883988e-01
-5.291444750200938074e+00
-1.580722875779243086e+00
-2.993994568494525055e+00
-4.523789424760320255e-02
2.068451352378083641e+00
8.473081809779353657e-02
2.166678814144395449e-01
1.828155221811654796e+00
-3.416532218031234081e-01
3.175253001587122759e-01
1.021192480479099052e+00
-1.513986893190695238e+00
9.775434516819845321e-01
2.977610249749637061e-01
-1.250032327801120946e+00
-1.442832299557322395e+00
-6.799587292705484565e-01
-2.235615098051751959e-01
-1.666047080047159623e+00
-1.481105170630841572e+00
-6.442140906688966773e-01
9.247089928870131370e-01
-2.658656539231532001e-01
-4.455681441012827593e-01
-7.345681844070306443e-01
-5.488442912122944994e-01
-1.900536771528939586e-02
1.932615656414403249e+00
3.907517956550261573e-01
-1.149619408071382409e+00
1.357166126079890622e+00
-2.483731354396612884e-02
1.253208490095088390e+00
2.278661236257317757e-02
6.088673415511753895e-01
-6.292870152526637284e-01
7.498370455850521532e-01
6.418311111137009473e-01
-7.532347717357259498e-01
-1.255524487829128066e+00
-1.273035872486334430e+00
1.550259036243832947e-02
-6.967258648340897143e-01
-2.812126223100337441e+00
-2.677891172596859271e+00
1.370742338945996411e-02
2.876697942861118573e+00
-3.501109469633103988e+00
-1.238473872240613449e+00
1.180209461800496573e-02
-2.412720979151894429e+00
-4.956196937439520056e+00
1.497708209146132896e+00
3.426867448922767401e-01
4.142932776142324580e-02
2.611725744120344750e+00
-2.869271751968032261e-02
2.261812556310812683e-01
-9.942188091316930265e-01
6.716193293564627353e-01
-1.067309482946270816e+00
1.506095659325969338e+00
-5.470388708921254395e-01
-8.568796748059456903e+00
-2.376515541796377917e+00
-7.573372032486613836e-01
-1.613370476396228437e+00
9.210209445362059766e-01
1.693980086984637090e+00
1.716452401859065446e+01
-8.620893131384982366e-02
8.242981775251008447e-02
-8.883055610907145683e-01
-3.388041615685515873e-01
-4.376938251582233042e-01
-1.326335330869794049e+00
-2.731343161611134995e+00
2.438902719481078840e+00
-9.296185193693846216e+00
1.610662865847123371e+00
1.853010720208891904e-01
8.665988369176687023e-01
-4.327889801109764178e+00
7.504420635427880848e-01
-8.879345020885845430e-02
1.179915935148428296e+00
-2.008347358447796882e+00
7.852423951010963910e-01
-1.102232294060165652e+00
4.101875134307833015e-01
-5.610734197896496411e-01
-1.505557794743669353e-01
1.111317782203581128e+00
-9.225586448958293939e-01
-1.528777685813322851e+00
2.025656282010905862e+00
-6.263295453073461694e+00
7.960550674755191292e-01
1.663318662315179886e+00
2.923544268583086470e-01
-1.079960380820017551e-01
3.476714319700900724e+00
-1.118241764957645712e+00
6.752255422014885600e-02
1.929050865628847422e-01
1.681073312476500381e-01
-3.673319012493470037e+00
-2.994744841800395463e+00
3.262601903858633468e-01
1.543868079734682652e-01
8.178085136959856172e-01
1.090522915629924539e+00
-1.923797024732391447e+00
-1.786345751639245361e+00
-1.145589198819125576e+00
8.256748719241813195e-02
1.705462708282177720e-01
-9.058726798662249946e-01
3.662675124470528010e-01
2.175073803232801417e+00
-2.365721366827446270e-01
-9.998315965826943819e-01
-5.998915455883238934e+00
-1.631026491525318367e-01
-3.932622918524796285e-01
-2.369864362124121548e+00
7.026582651697944604e-01
1.022861501437784426e+00
4.609950031007963300e-01
2.475356883423748933e+00
-6.330061296105639057e-01
1.065502927131333433e+00
-4.341068401854045966e+00
6.047034325741774685e-01
1.348606122081867920e+00
-1.026633238267617321e+00
-1.482347646261419349e+00
1.099871620995459764e+00
-1.924557957088854465e+00
-1.630175346311468099e+00
-6.503013008292544139e-01
1.608828187877246796e+00
5.267660254954739107e-01
-2.561970282319530945e+00
3.762315274148809063e+00
-8.475912331357531027e-02
-1.473081777491794586e+00
4.915652340666726849e-01
1.330570080441119130e+00
6.479496951871076327e+00
-1.201665603258480264e+00
7.264288068844471091e-01
2.432602205463993528e+00
-6.493634170337017064e-01
-9.189151205072938755e-02
-1.142339653750278350e+00
1.058391995156554133e+00
-2.228386887995441601e+00
-1.230185107079161622e+00
-2.474029450572493363e-02
-9.579913182047650189e-01
2.273307199730068562e-01
5.000007224309026554e-01
1.525265143918609900e-01
1.956893753244070000e+00
-3.501142170424112465e-01
9.790780153985212397e-01
3.922576299930447541e-01
-8.423183167038013508e+00
-3.974004663438446272e-01
-1.216988678195192186e+00
-3.638683248905207890e-01
-7.836499839352739638e-01
2.948151860592453488e+00
1.891769558958254493e-01
2.525489903726792495e-01
-4.655430198881404524e-01
6.764064298583165602e-01
8.906539563614839228e-01
3.234305048563473339e-01
1.963035785546940026e+00
-6.276558195256614070e-01
1.977361567435957923e-01
2.909769909460870885e+00
1.907174953037429344e+00
1.354218769039811310e+00
-6.019226025235840938e-01
-4.557908474413385758e-01
3.877140359601640163e-01
2.118308345349810828e+00
-1.908965694489632714e+00
-3.132376491746283187e-01
6.832916827712567365e-01
5.119575213759718357e-01
1.225302173110751180e+00
1.145606149677903973e+00
