4.803013934323037692e-01
1.241155768158132666e+00
1.373045676916237579e+00
8.563862565846763752e-02
-6.841948253246328271e-01
6.475380957775791479e-01
4.524066208116912513e-01
-1.661824650787650404e+00
-6.101926604924881037e-01
9.636413615384864517e-01
-2.623154421505056663e-02
2.253100134633689411e+00
-4.283944083169833883e-01
8.399004360250852397e-01
-1.879312305220412593e+00
8.144862538173838207e-01
8.374636039256640879e-03
-1.103743236293294405e+00
1.499946968052892959e+00
-3.417859573819271302e-01
-4.667607865906948650e-01
6.319049163227585808e+00
-8.730437539762581078e-01
1.777836732812058118e-01
-1.123436965147104338e+00
-4.897179514461050265e-02
7.300621004091515376e-01
-2.072864777600784969e-01
1.652255077909253189e-01
-7.025414623011705384e-01
-3.338395898353445634e-01
8.858068099263658457e-01
5.438475481897859787e-01
7.473253642935888674e-01
3.480010745284193296e-01
4.079267672073129680e-01
2.093661450413695668e+00
3.115114998335111879e-02
-7.860611477036482109e-01
-5.937662978287080451e-01
-6.199051307185168280e-01
-1.863629277773187987e+00
-9.127272248902075225e-01
6.668133110946226072e-01
1.948847243014137642e-01
-1.029439469847428290e+00
-1.500453270352289092e-01
1.674161413659390529e+00
1.019245887578151821e+00
-2.042649871552010499e+00
-2.917251711539286529e-01
2.674122807521433387e+00
7.279465368303053019e-01
-4.073814506167330873e-02
-8.524425217026911916e-01
2.259705178132654160e-02
-1.191519498504276076e+00
5.317341039703677996e-01
1.266401011846645663e-01
4.475530691867168898e-01
-1.723330826983991759e+00
-9.569614810768163338e-01
-1.125510224128144277e+00
8.842045904428336156e-01
3.445371014858221059e+00
-8.011079017463260676e-01
2.365461050224346717e-01
1.105868708291027902e+00
6.988239586184670227e-01
-1.222989371804645842e+00
7.232346045509019383e-01
-3.179513583087711925e-01
-5.684836357414181640e-02
-6.940351669757509612e-01
-4.280840458094092860e-01
1.053376980803973684e+00
1.604726324858393838e+00
1.009467015453515470e+00
-1.153900490932273204e+00
8.400351815536785671e-02
-5.254092774067857796e-01
8.080858618349467948e-01
-9.136470901022702984e-01
-1.080186137993932149e+00
-7.078189201344219361e-01
3.081624819588786313e-01
-4.657604767023235809e-02
9.148020468553894613e-01
-7.616334214181126328e-01
-2.089353227204280850e-01
3.095620002691656936e-01
-2.230733791794475174e+00
3.955197767642280038e-01
-1.727344018990758734e+00
-3.239296877347304093e-01
-1.096379917140623661e+00
1.165113590394109278e-01
-2.716247814537226524e-01
-7.849060443600313075e-01
1.140124777854249372e+00
-5.447849968982023672e-01
-1.585782956364925611e-01
-2.338832972430027191e+00
3.014550565059260362e-02
4.173351057479895987e-01
-1.053648586730913418e-02
-6.214630231993343301e-01
-8.215752508292761824e-01
1.539076266720981190e-01
-2.403087517118462024e+00
8.599449666485574628e-01
-1.006099532322964896e+00
-3.397799122332746946e-01
-6.317862005121508417e-01
4.656477562336129861e-01
1.542980663592090629e-01
5.364742612480511985e-01
2.255870439139062711e+00
-5.878444579735015996e-01
3.019948913322983430e-01
4.364636565593827400e-01
-1.519445041007156050e+00
3.448928095015572071e-01
1.087492811239995083e+00
-3.566380334139288566e-01
8.564090860716093712e-01
-5.180432941193193752e-01
4.010415638820251649e-01
-4.774827223391313602e-01
2.435837115543673548e+00
6.461839915559413061e-01
-1.759278686255361102e-01
1.164716296866358913e+00
4.503520943116162134e-01
1.551594349376824056e+00
-2.459326431714584094e-01
7.202624712703159515e-01
9.158958350697864459e-01
3.011870031477585918e+00
-2.002927161910060150e+00
-2.363118939047349265e+00
-2.918330849509089830e-01
1.350151513447890583e-01
-1.263066876263805760e+00
9.272751920400030146e-04
4.910016912226121133e-01
-4.761296216209768284e-01
9.933198990269096473e-01
-1.275409934361539266e+00
3.220189302978901935e-01
-1.366190344169621873e-01
7.260935736725218081e-01
-1.459878818929394306e+00
6.090494701955526669e-01
1.735220780690880371e-01
1.215215250799547508e+00
4.082639862497565719e-01
-1.057172288504316437e+00
-6.306809725438519143e-01
-4.327518671167394082e-01
2.606490967399062719e-01
4.342250009990389348e-01
3.420825538074559802e+00
9.999303535513445196e-01
6.063402413323103479e-01
-1.208176609664466383e+00
1.455547612708376182e+00
-2.581018031656516776e+00
-6.166506571580212537e-01
-7.789343374429726907e-01
-6.359009348480981760e-01
2.838435292656227293e-01
-2.602350251882314502e+00
-1.298272743582098876e+00
-8.795336635648811630e-01
1.648113066455396680e-01
1.119652225224663233e+00
4.626810814288755958e-01
-1.458532741517298836e-01
8.381778882100894279e-01
-6.270855963698029889e-01
1.250483946627640286e+00
-1.328696065800723802e-01
-9.962928289362640299e-01
3.296473452624328448e+00
-6.458785267521541251e-02
3.371583275096662335e-01
-1.255997170571477639e+00
1.056112482990042789e+00
-9.165467129985092054e-01
-2.988070452311116787e-01
-2.244445271387471991e-02
-3.675834796315678998e-01
1.273595918987102671e+00
-3.975121910649329626e-01
-7.597981010688632519e-01
1.451637199693645464e+00
4.465582450038435347e+00
-4.385042532112004010e-01
-2.444019748754145405e-01
1.548855344269534640e-01
-4.076910363146936334e+00
1.437982013487761446e+00
-6.564257151740492124e-03
-6.576647672328588268e-01
6.024808209177062029e-02
-9.193817407284864407e-01
-1.276014898687003185e-01
2.956025508290258674e-01
1.006274552602683947e+00
-4.076131854324608894e-01
2.791479964124632396e-01
5.957086174038377369e-01
-9.815236401129616706e-01
7.917928442821555723e-01
-9.143979649102815799e-01
-2.656843166474644580e+00
-6.832298624386147212e-01
-4.855526044719240542e-01
4.154067400200651683e-01
3.204539572234393896e-01
1.089177083054577277e+00
-3.377960532200945387e-01
-1.290695329120003509e-01
-8.795487862282030944e-01
1.320375671935347883e+00
3.446018749531912229e-01
-6.254626769306042000e-01
-2.063305618175033662e-01
3.619809303812625279e-02
-5.102130288327222374e-01
-7.736103837634232816e-01
1.169054097472625120e+00
5.821136574172074418e+00
2.721603635804247245e-01
-8.480963538560305492e-01
-1.879924178928856771e+00
4.472009424084919665e-02
-1.230141713079121235e+00
7.459209988555545734e-02
-1.019787458187702001e+00
5.692936484118966689e-01
1.948113794482197347e+00
1.308502076222868848e-01
6.679131333360077694e-01
-1.040954613628196856e+00
-2.377540627461360856e-01
-1.285362965455163486e-01
9.803072101375989167e-01
-1.177560490210519895e+00
4.948250598712772286e-01
7.118253708874064944e-01
6.792232081646341069e-01
-7.604095319080628190e-03
8.054863332983457358e-01
3.708377666671851536e-01
-1.664239897854073336e+00
1.008422568229349281e+00
-2.555542106420345960e-01
-4.563232272855154426e-01
-8.257679789143322902e-01
-7.524510029775404174e-01
-1.254850121672256846e-01
5.277830038858181139e-01
-3.048163367900719400e+00
