-1.182044254465297595e+00
-4.949759995899313481e+00
1.070182498868834209e+00
-1.603119346711101123e+00
6.454387852508867984e-02
1.057540230892704436e+00
1.373813243410939355e+00
-1.031956495292971399e+00
-7.415255994762927072e-01
1.569106905006100616e+00
3.431918808546571831e-01
-1.841860218323466691e-01
7.420398527320388737e-01
-7.477839069376324144e-01
-3.673840104741879831e+00
-7.787892461838390457e-01
-4.084032426025487439e+00
3.841474828881010772e-01
1.033397137704715973e+00
-6.447322918446811713e-01
1.544797585036651877e-01
1.054204829819872291e+00
4.094166673287321645e-01
-1.242091635480253142e+00
4.844997229313477427e-01
-7.325226460343520207e-01
8.594041025625415164e-01
-4.125935442615556448e-01
-3.248336581923856770e+00
2.272038752484931035e+00
-1.855168296853367149e+00
6.401456789507083966e-01
-1.954051042109687386e-01
-7.990253296089653290e-01
2.461100090539440455e+00
-4.624087786937369771e-01
2.716078274305216311e+00
-5.604508034971090735e-01
1.309016056874438672e+00
4.037504288784847795e-01
-1.134802787709676242e+00
4.368799011445029801e-01
3.114876403846777997e+00
8.079580398685491938e-01
7.798643964958327235e-01
1.593161036451938628e+00
-5.230728069609307251e-01
1.461678800893461971e-01
7.831051859643892721e-01
-8.689960678845196629e-01
-5.608867108098403165e-01
-1.187509461115201503e+00
2.269241072170058993e-01
-2.184215523019407135e-01
-1.313089474204582663e+00
5.205814865490356880e-01
7.732308376418487450e-01
-6.457040959378637091e-01
-3.905781263402884340e-01
-1.775189145071299324e+00
2.126639786483450756e+00
1.428691948999444516e+00
-1.845225000872163346e+00
-4.667890586941480180e+00
3.917669363027274976e+00
6.687792591110058860e-02
-2.825129563283029221e-01
-1.675629237974826991e+00
3.450176730534385006e-01
-2.048313923209612142e+00
-8.756728076313216591e-02
5.204180213104456221e-02
1.385212028553804986e-01
-1.654548176089209122e+00
6.755199976975329035e-01
8.678946897803705429e-01
-7.121656097441630973e-01
-1.324736871644836445e+00
-2.303765009763869276e-01
-2.888922286296480735e+00
-8.262575021627087679e+00
6.713993996717927681e-02
-6.558648759771001924e-01
1.064165436631233919e-01
1.601685275539489473e+00
-9.058992619189871753e-01
8.847453323475151787e-01
6.831180608246008312e-02
4.521646547403732619e-01
-2.394274647527919520e+00
8.866072163847135146e-01
2.791425049418255408e-02
7.026593047786990898e-01
4.574157683062989310e-01
-2.072463052202952460e-01
-7.663276082938481615e-01
-8.337728213625965612e-01
-1.606877047515540280e-01
2.939456138579366051e-01
-5.982514203521982488e-01
-1.368117142582278234e+00
-2.847681694774797823e+00
8.598291337268841872e-01
6.614811457936355943e-01
1.916286000857362781e+00
-3.173859980808790282e-01
1.349732294667318255e+00
6.287937724278682694e-01
1.664456242892569549e+00
-2.537526316383283742e+00
1.397373405720875539e+00
-1.205060024519783113e+00
5.456039511515438090e-01
-2.103637178458371837e-01
6.756427615009181764e-01
-1.088587655919510677e+00
-1.520246134405174310e-01
1.849602332933529603e+00
-4.292628278528771713e-01
7.574811850477927155e-01
-3.414455765879680360e-01
-7.831522151244955099e-01
7.076747153355451569e-01
1.735763464369839970e-01
-2.781055652702813519e-01
1.311972035271871673e-01
-5.569580518759290610e-01
1.055537218551074463e-01
-1.174724434797609796e+00
-2.637963708670310048e+00
2.136922337374803416e+00
7.296648267706202784e-01
1.411535486992227417e+00
-5.836538815246573364e+00
8.657271017709724514e-01
4.980062899036034607e-01
-1.644842430146483236e+00
1.645682268944367532e+00
-5.706906438815982918e-01
-4.788435511193552818e-01
9.857965893404734281e-01
-1.683234591560429205e+00
-2.575962666437357496e-01
1.997485758711041282e+00
-1.714773129258044371e+00
4.445896506104924928e-01
-5.152655029583821378e-01
4.682556502077305227e-01
-3.382456173244457465e-01
1.868005539441857654e-01
6.497261541071726043e-01
3.679367310450478712e-01
-9.678825013348397732e-01
9.677063790941311083e+00
1.472015473022380672e+00
-2.694441176496042978e-01
-2.597022770972100547e-01
3.673928206554154530e-01
1.875825342187880329e+00
-2.766072741582056294e-01
-1.048213051202621093e+00
-2.480812098277105637e-01
-3.758268004403450657e+00
-1.070191431955813677e+00
-6.916898411047994744e-01
-8.527046663873859567e-01
-2.999402091748605836e-01
-2.327121434830672797e+00
5.239257752194477202e-01
7.579172130527830342e-01
2.285056608897846786e+00
-7.199385437926789644e-01
-3.273758209898866234e+00
6.350124954746735328e-01
-1.387288942894454369e+00
-1.058435312690341634e+00
-3.940890368013164613e-01
8.332355797322907875e-01
1.273637686077823961e-01
1.348469238047002694e+00
-7.683993165421860727e-01
1.677260072230523091e-01
2.413747570965621314e+00
8.613536997517039495e-01
-1.125735740704312038e+00
-4.368538804045242752e-01
3.702495039058753878e+00
-2.163438164748763548e-01
-5.932290680174461261e-01
4.469359647309180394e-02
-9.021716225110946175e-01
-3.787808225300183906e+00
1.015336406423775317e+00
9.117074246464547116e-01
-8.654950477184986113e-01
7.915092540559640621e-01
1.895586163462454010e+00
1.551625602395789505e+00
-7.154384733391213613e-01
1.081592551599560026e-01
-2.296641650403666191e+00
-1.268632420315594533e+00
7.680132778280844841e-01
7.105685240777797063e-01
8.290494247601786215e-01
-4.069477526746416274e+00
1.833550712960168916e+00
9.118506794810747884e-01
-1.342997362897085489e+00
1.535326707183015893e+00
-1.009784329622964438e-01
-1.690905493318735964e+00
-1.274639812347035051e+00
4.821867346913074059e-01
2.299367449751549941e+00
1.627345071934551690e-01
-2.246532834341319784e+00
9.852882901386503800e-01
-3.595597705960972279e-01
1.440649106835256266e+00
-3.202194211156117465e-01
-3.221264574770635214e+00
-3.331441472822495031e-01
-7.357327242107860599e-01
5.398509795608509576e-02
-1.621868468195351853e-01
2.976166447106349366e+00
4.526651501993493865e-01
9.593520914955268042e-01
-1.805827253312398462e+00
-5.224089300227131583e-01
2.050392109975550936e-01
-2.250342837167537358e+00
-2.927156426683655832e-01
-5.908209963364138062e+00
9.735559251056448149e-01
3.259560950478746499e-01
6.629992156961448391e-01
5.474009112600357607e-01
4.736924265520631172e-01
-2.846064673750268170e-01
2.000035540803571654e-01
-6.640049220690598109e-01
7.576179378401394493e-02
-2.221991446310965568e+00
-2.104746598894326137e+00
1.206450062297689030e+00
4.376548965816516867e-01
1.903150437102059556e+00
2.104000379800520515e-01
6.867537469017262475e-02
2.381772257991077446e-01
1.342911625712702728e-01
-1.772277540072333846e+00
-9.498512870840132571e-02
7.221498858822772426e-02
-2.856012722783248581e+00
1.150716764542389026e+00
-3.852828089372845044e-01
3.991340991856706655e-01
6.598341596305904444e-01
2.688832422724996896e+00
8.508342281682538255e-01
-4.759646266409610638e-01
-7.598807758804813073e-01
