5.561603044116887329e-01
6.567894193330239272e-01
-7.690271273034410271e-02
1.237953435029316152e-01
6.387372934418040771e-01
2.759604684635275085e-01
-9.888729917555068027e-01
-1.144304868329026892e-01
-8.840976831122466795e-01
-3.024261423822680594e-01
-8.195243020993003835e-01
3.008620549892344620e-01
8.717667392085231004e-01
9.580205235867480518e-01
-6.232702799149820727e-01
1.082221312179334483e-01
3.670974760848730867e-01
7.828824805522067720e-01
-2.807102009127899755e-01
7.569016907282357653e-01
-3.298741426769340457e-01
-3.656011639711174155e-01
2.818227610672525696e-01
8.965565048612429422e-01
8.326809609714507232e-01
1.299536575567401542e-01
-8.675577021151974488e-01
7.558673554464043765e-01
-6.821792608530230506e-01
-4.477304021212769047e-01
7.578168762452754947e-01
2.940951651227954322e-01
3.002767171553504255e-01
8.085588404063166479e-01
-7.503401007865277972e-01
8.939884344573181263e-01
-1.475446510775922926e+00
1.100594233349693640e+00
-1.901243456105945473e-01
1.874596469165319412e-01
6.240412007337710065e-01
-9.246130058884534098e-01
-7.221859457479287148e-01
-4.843413058564904894e-02
-9.344877390905554915e-01
-6.303140803565052686e-01
8.803151750112749863e-01
-2.430491116263422402e-01
-1.695270062368363639e-01
6.333257688516857886e-01
6.948493548651641927e-01
-9.340204608734250513e-01
-8.495471611595573069e-01
4.572095465774803635e-01
9.450599335350007291e-01
2.524254172858817480e-01
3.072238504030138095e-01
4.414064191559010641e-01
-4.134084338678025716e-01
5.608272149853732458e-01
-7.999034902737778285e-01
-1.230377867948728721e-02
-1.557614419495700897e-01
-7.375240721277778189e-01
-2.438523453162548815e-01
9.773969721006106059e-01
-8.891661084454798303e-01
-4.367316072258087267e-02
-3.823275049284684535e-01
-7.809608174880746656e-01
9.065026401200260153e-02
1.196480236938327391e+00
-7.486410932652947103e-01
-3.282628784780254882e-01
8.228191678768475015e-01
-4.420689915382025603e-02
-3.457430446185849604e-02
-6.909078314155929768e-01
-3.800985689448554972e-02
-9.633489384100151209e-01
8.968543300900357895e-01
-5.251979348494144606e-01
3.402093205625722483e-01
-9.275428579631683768e-01
-3.435415007533668685e-01
-2.071948807066501530e-01
-2.524270301373370273e-01
1.944969861468923700e-01
3.633845396856429932e-01
-6.155443242240079549e-01
-5.616017521562421955e-01
-6.957407569624185495e-01
-2.991190147724780424e-01
-5.169726149938813631e-01
7.431973186581233293e-01
4.576614804959533434e-01
-8.918432913005491791e-01
5.509641017973654353e-01
4.104130789476993502e-01
-8.600938752458533454e-01
5.781241721763425989e-01
-5.968051729189194354e-01
3.821006435025275927e-02
9.114619431745329958e-01
-3.633270448978349609e-01
-9.531351354114057095e-01
-3.224641892062487525e-01
-2.100312157728545515e-01
-5.218919477453609623e-01
2.053444490193441219e-01
9.972357548132844141e-01
-4.873737007014993239e-01
4.726458754328599632e-01
-1.068998493771711189e-02
1.081419876552613957e-02
-2.349094865773504459e-02
-9.057952234956549997e-01
-7.463398595713011119e-02
6.935484896588013370e-01
-7.463455940111352049e-02
-6.599022796965690052e-01
-8.969955697339548895e-01
-3.971005835779397586e-01
-8.619626667735023062e-01
-9.777195209170828072e-01
6.088103636007302644e-01
7.109047561428230022e-01
5.902536036805572373e-01
-8.124792708059991320e-01
-5.303853761544727874e-01
7.636399761280647791e-01
5.639978417708091385e-02
5.087920030476473787e-01
-8.107803914662370381e-02
1.271185994099928163e-01
5.688115890875760083e-01
2.620996649827267433e-02
6.380731173437172998e-01
8.332862474188311719e-01
-7.511467542646421691e-02
6.177326113423902143e-01
-4.980361909864106096e-01
9.766825464428474657e-01
-2.694945984982968223e-01
-8.551729748847496371e-01
1.582080557746317062e-01
-4.353294404679404206e-01
-7.350418922931738486e-01
1.963744976409056431e-01
9.621691187260790201e-01
7.796927990465007952e-01
8.125972398241876338e-01
-6.976559775313215805e-01
-4.124566894285829344e-01
9.251293294180285010e-01
9.957167750380222504e-01
-7.064720964698867345e-01
-4.134076417437786422e-01
-4.812054561519259477e-01
9.856474388926286245e-01
3.721569527146286749e-01
4.850446081502237661e-01
-4.791825151939521632e-02
-7.464574692753178642e-01
1.244207312157146861e+00
-1.098066118696199300e-01
-6.689684128511463879e-01
4.862039181856270265e-01
5.137330770269765701e-02
-6.600395836579693309e-01
5.999321315739780669e-01
7.383818170774885115e-01
6.510284018760406077e-01
2.651947941599939185e-01
-7.062691518919375078e-01
-3.552257907195574549e-01
-5.487996658035777520e-01
2.877402596289275749e-01
8.311709571572554189e-01
-4.493785377599768260e-01
1.759682675538669638e-01
1.013799102842956046e-01
-4.967340535697146731e-01
6.993631050640258806e-02
-9.243463598895442779e-01
1.761608235082707807e-01
-9.149751663502765364e-01
2.765835959920435183e-01
-2.723612471965458637e-01
-5.354078731262930102e-01
-2.528618399367545955e-01
6.026728004099568548e-01
4.591241997110500073e-01
-8.625370990852643249e-01
-6.380624421692031589e-01
-8.288865875667501548e-01
-3.380328858556329585e-01
-3.951150202138216105e-01
-2.164247152795042428e-01
-1.624864462139221644e-01
-2.259003710792242270e-01
7.961077153147158025e-01
2.702062635668813773e-01
-7.742073782505627388e-01
3.309642114193822593e-01
9.451118219309226909e-01
-5.775344994937547938e-01
1.241537461884099081e-01
3.203438599985342083e-01
5.899892920358518200e-01
-5.127645366219414358e-01
8.662504699000639352e-01
7.910821256202287266e-01
2.524410687350409077e-01
5.206495136204791763e-01
6.485470033083053920e-01
-8.855928458577202456e-01
-2.378959086541621026e-02
4.348411503156206503e-01
-6.255717126389792604e-02
-9.600463222390782647e-01
-7.686900594619374694e-01
1.399210097705558820e-01
6.909313939762309342e-01
7.399882699584747758e-01
-8.751154488610892734e-01
7.710354183555128138e-01
-2.429461830192489735e-01
6.486348949455809088e-01
7.556468303035084322e-01
9.525788952979981072e-01
-9.165272057070563694e-01
2.352867662722970543e-01
8.792986794063981648e-01
2.546356339867719143e-01
-8.425640639303273449e-01
-8.504448493605549775e-01
-3.501631130782558721e-01
-6.786869056828970237e-01
-6.122615254580894284e-01
-3.605575099342965828e-01
4.101747239422743885e-01
9.492262796122474811e-02
-5.787071110801351725e-01
6.771447011154549944e-01
-3.194467816964272622e-01
3.977693332974621132e-01
1.640406234917721751e-01
9.844563319867478679e-01
5.184034081369801594e-01
2.463292897423539074e-01
2.760616717025552447e-01
1.606068905593671658e-03
-7.362482195855462042e-01
3.798145173383580264e-01
-8.663963238491017016e-01
-6.655529944107683171e-01
3.960908470835609041e-01
7.126164331099638094e-01
-4.373991435582487153e-01
-5.554068214061773645e-01
-5.228165815276946127e-01
5.931212862978352263e-01
9.786366418726659688e-01
3.349178217598680618e-02
