2.203580610401862483e+00
-1.638353052249236774e-01
3.089659678913093455e+00
-1.457324552678822549e+00
-1.335208889386681474e-01
-1.020385834331240194e+00
-1.374279683593208734e+00
-2.411406627419353299e+00
-1.798674956523812796e+01
5.458451741266809876e-01
-2.997588858698202685e+00
-5.866939252940138738e-01
4.590741509370367401e-01
-2.169299048565492161e+00
1.408964112652033140e+00
-2.527739236999380079e+00
-4.389438655310888393e+00
-1.423748697373027028e+01
-1.878699722737588118e+00
5.790843118879783091e+00
6.625642942585336925e-01
-1.300414619712390252e+00
2.168059868175800098e+00
1.055736413736220847e+00
-1.327980686567756141e+00
-6.967563369446510890e+00
-5.512432635495490008e-01
-2.627323221918181062e+01
-2.853462574342651159e+00
2.293220545698359203e+00
5.108133031544540792e+00
-8.462271136857968390e-01
-1.743202418102536289e+00
6.103826869343876860e-01
1.432492163164062360e+00
2.617842618271865263e+00
1.623047567660975410e-01
-1.657473942597915695e+00
-2.997109525836678667e+00
-5.268893930631535216e-01
-9.149530156033507389e-01
-1.051456289272985511e+00
3.738649365006528669e+00
-1.076816939561932696e+00
2.063693871677146352e-01
-1.579789157871352767e+00
-9.853325788213246339e-01
2.378515772781656601e+00
1.328455034809278734e+00
-2.012947244483713760e+00
-1.066936016895739803e+00
3.205237514883914063e+00
2.068560626608327180e+00
2.929168672600448886e+00
3.009453705012760327e+00
-1.908008237010609953e-01
8.709861167315853692e+00
-3.343700149527164101e+00
-7.160943790260503317e-01
-1.349151339498576130e+00
-5.761176208495346174e+00
-2.980300205792086654e+00
-1.639978881921043241e+00
2.510576368975558914e+00
1.616246989643602028e+00
-3.134212642238642932e-01
2.083757258573213988e+01
-9.771645172276757774e-02
-1.262109631193459869e+00
-1.767872597615231633e+00
1.620810898840543413e-01
-1.232702083230211798e+00
-1.869118851847694884e+00
-3.482358679393108947e+00
2.179270248085804162e+00
-3.252555428672853743e+00
4.127649991007878438e-01
-1.315180930829899231e-01
2.475452859278079565e+00
-5.787617963524874926e-02
6.082790213085481623e-01
-5.418206263243300486e-02
3.818037310088970848e-01
1.154874664518121596e+00
-5.754975750369126786e+00
-2.154676820312777963e+00
1.075491277421091185e+00
-2.471232442252761174e+01
4.663754754403886871e+00
-6.645695567239218171e-01
-2.401299379300680492e+00
3.530340032918454773e-01
4.859911884612122535e-02
6.681215650069753931e-01
-1.822045217139609763e+00
3.429316091155938828e+00
-3.682793539377671177e+00
1.008818153954638586e+00
5.933226736309393790e-01
-2.934837300840385854e+00
6.687592400500513845e-01
-2.169902865697075800e+00
-3.916636029219309201e-01
4.370160109929333014e-01
-1.993626315919908354e+00
-2.468015028854932957e+00
2.722868575538520020e+00
-3.766257981542324274e+00
-5.115078434579468647e-01
-2.235385594451397395e+00
2.557004532287071363e+00
1.160878657853024354e+00
9.143350043134715888e-01
-8.104093733330516303e-01
-9.759197842657621469e-02
1.576207659893931468e-01
-1.604795139913233859e+00
-6.108515211446101212e+00
8.037104699766636884e+00
-2.647349723708082081e+00
8.742333556071912426e+00
-1.494091678459927941e+01
-1.669814484617572203e+00
2.814237895125634381e+00
2.816638827145433455e-01
2.544935519039587923e+00
5.753820750029412512e-01
-8.997649325302623513e-01
-1.388359828866675638e+00
-1.131691721898591796e+00
-2.363589661599045044e+00
5.434084378037807639e+00
9.662300138891479762e-01
-5.949205207994870959e-01
6.471085288748300579e-01
1.777604716661031370e+00
3.428113358839490310e+00
1.179569276110569387e+00
-8.635810907407197590e-01
3.204017914488750396e+00
-1.043789592440067970e+00
5.516957186231139509e-01
-5.818904119148609055e-01
2.488696879797463346e+00
-8.492705917861128606e-01
-7.371949635798788592e+00
-1.765144486472392416e+00
1.778353996588523389e-03
3.459102310359047361e-01
-3.993127196502082032e-01
9.431332730703061884e+00
-2.614722087690240393e+00
-2.527241037260367307e+00
-2.862797921061146944e+00
-9.977899329172210674e-01
-4.247944990887545513e-01
-5.949892625411560054e+00
9.946493422925243522e+00
2.685616046291715575e-01
1.357336319560066507e+00
2.054390391177050024e+00
-1.794646576712770614e+00
3.909897016520875734e-01
-2.530081749286726911e+00
-6.069098998156987612e-01
6.008755379497372928e+00
-1.309886599600539325e+00
1.168791467298779363e+00
-2.199283517772343099e+00
-1.369730089333777157e+00
7.007263711544917228e+00
-2.305555576017159769e+00
-4.529586749943968371e+00
-1.717003505079126358e+00
2.504893882546110007e+00
6.700632028859103695e-01
3.076103072139702022e+00
-1.011166532014454766e+01
3.858584238114262654e-01
-4.889259195624839904e-01
3.207509935152432767e-01
-8.588915805060420849e-01
-1.812108633629200272e+00
2.624323165259999868e+00
-1.850150544077915349e+00
6.612907110877159766e-01
1.484676773382651938e+01
-2.247336490998901759e+00
-1.181815059764410869e-01
1.343713252881842735e+00
2.077107085612936110e+00
8.903043142241942043e-01
5.365962467273046599e-01
-1.423537038195027860e+00
-3.542132919856179729e+00
3.425026613647714768e+00
2.752271379527986284e+00
1.131463287075816782e+00
-3.324689787769363747e+00
2.798308702733077968e+00
-2.546116306315613365e-01
6.225848032124887688e-01
-3.183067659465091959e-01
2.600104248034215138e-01
-6.747810221805774500e-01
4.098588092801268346e+00
5.551262959183138612e-01
9.728995126758054335e-01
1.316891775078116167e+00
-1.190346005515834982e+01
-9.929591053466950701e-01
5.343771287111593882e-01
-1.673831191324960832e+00
1.865065998852398099e+00
-1.314410625494278451e+00
-6.287191612949928121e+00
1.175674063261551883e+00
2.587566139079858996e+00
1.444406505276832231e+00
-1.929212653357274560e-03
-3.257454532666089086e+00
-8.301045113795665342e-01
-9.654366051881899669e-01
-2.668646913668529130e+00
1.736347556731765662e+00
1.463412949142772979e+00
-8.566270445801798417e+00
3.326604637851819035e+00
2.193590962491763996e+00
-1.494438098857074015e+00
-5.421684495285395755e+00
-4.723546670971182415e+00
-6.558932747185305945e-02
3.172708447733907366e-01
-7.152219315495351726e-01
1.573780069716724725e-02
-3.747571613358229747e+00
1.101266964748410571e+00
-6.438540934134135973e+00
-4.635858538274901797e-01
-4.703840049106292609e-01
3.793136027003695121e-01
-1.151704941967057749e+00
5.478867659069436513e+00
4.057638265894247809e+00
5.261884246888250960e-01
2.101232124716652105e+00
1.356917295177670013e+00
7.755621287546868858e-01
2.483994610708931683e-01
-5.958094228121839642e-01
-9.873899047936589568e-01
1.927996726035385189e+00
-3.257075707662433484e-01
-1.817057136152500751e+00
-2.247652513258349583e+00
-8.264923595537940759e-01
-1.611292125729078539e-01
-1.209881097482384538e-01
-4.502525596858860668e-01
5.646877447322800059e+00
-1.045296409217627787e+00
-5.738820747091050833e+00
6.164923158152847693e-02
1.563659650519617861e+00
