-4.896134166961034762e-01
9.340490778851908704e-01
9.237955882366977178e-02
4.087469888457131439e-01
3.815076273414762520e-01
1.154219033272824602e+00
-6.106290477700466734e-01
-1.015425764235643680e+00
5.624469424368874204e-01
-4.050476319452670504e-01
-7.995351146584392943e-01
4.962239163256954022e-01
-8.516381940367976355e-01
-9.100362634027729936e-01
-6.735110966859498838e-01
-1.307590441894628253e-01
9.575325642308532004e-01
-6.043272868842048950e-01
7.501401514621011124e-01
7.413679416811356226e-01
7.906824534238940938e-01
-6.752810766485106697e-02
-8.168703269056585281e-01
2.831911272754548126e-01
3.031447687090991217e-01
-6.109239758176063795e-01
6.026833528732324918e-01
8.161743698967169891e-01
-9.475511207620306298e-01
5.422533920887306902e-01
-5.490658224349200811e-01
-1.170322166768686056e+00
5.342904938699850614e-01
8.610399257228207315e-01
6.478501648133045965e-01
3.257916461237231331e-01
-7.594203787385933602e-01
6.364983841043150292e-01
5.230407831522672080e-01
3.606343995672642855e-01
5.426613652434337798e-01
-3.570625119950137094e-01
5.780149926763087365e-01
-8.947885606231265054e-01
8.176333583614450728e-02
3.673460258680341095e-01
-8.016580830809170166e-01
1.439607122314164045e-01
-4.925472358216795854e-01
1.897980196487902838e-02
-6.803582519158604125e-01
4.810450132847177152e-01
1.730319625884437773e-01
5.822233506989444862e-01
2.016385922709817979e-01
8.975634003216792500e-02
5.532980635938296032e-01
1.262305117869899629e-01
-9.224954396298050696e-01
6.357365481601491286e-01
2.715932348445515565e-01
-9.079945434231440071e-01
-6.361634215365812306e-01
-8.305456715827523873e-01
2.634553434414079742e-01
1.943699297820946081e-01
8.771712271241411951e-01
6.720279673480873406e-01
-4.653782455968047405e-01
6.059927381525205270e-01
2.557787515776028808e-01
-7.494999292280986047e-01
5.105763027431802215e-01
4.377376719824524476e-02
-4.449743193561468413e-01
-6.091627163003858758e-01
-7.072562786929865730e-01
5.414898306078943513e-01
3.147116397896221329e-02
-4.265111306210265241e-01
3.755442811133017922e-01
6.009996644660109411e-01
-4.015648753125933279e-01
4.486765852771235075e-01
7.466808165107035045e-01
4.621112081966989305e-01
4.575989926625263493e-01
-2.402069633414953831e-01
-4.678327262115604679e-01
-3.388392528351380495e-03
-7.733575890099724237e-01
3.655826639417916191e-01
7.172602355247308381e-01
-4.099109864104251155e-01
-3.637360778574125764e-01
-1.631355546740766993e-01
-1.975516457035248474e-01
7.721467219177946539e-02
-2.228107782748129928e-01
6.596628437718257132e-01
-1.528475098144859157e-01
1.505338734575114787e-02
-6.915712810849710124e-01
-9.805376129826059994e-02
4.625230737562058270e-01
4.581379543947876609e-01
-8.360221034730692669e-01
-7.033472204838167041e-01
-9.279507516534142297e-01
-6.957465465620139566e-01
-5.982894955608316634e-01
4.065800996005899393e-01
-3.407150969884512048e-01
8.028520755350794236e-01
3.533283311104805091e-01
2.999014997614615208e-01
4.357241214121296835e-01
9.681591919560790238e-01
-7.154318752678383575e-01
-7.309084753139999391e-02
-9.129298515075048304e-01
5.957875183042902201e-01
9.345178479405669147e-01
8.697546151228237044e-01
-6.277821155927227892e-01
-1.811398023088297560e-01
-5.876871332677164883e-01
-2.126222847724855425e-02
-3.693779716874943109e-01
-9.088009132791943223e-01
-1.126616976152724714e+00
-6.904991449456110431e-01
5.213658687882807286e-01
4.125490903294246614e-01
7.675257231222725185e-01
-3.747979734499544691e-01
-7.989008024910915218e-01
8.074683295031639396e-01
1.177316255463725092e-01
4.311874713876349130e-01
-1.049726586595737254e+00
-8.042372916806933558e-01
-2.662561104282585855e-01
7.488382308241960938e-01
1.086042071548121157e-02
-2.874363265447299476e-02
2.533600831592754954e-01
-4.042306542863469687e-01
2.284932919539468532e-01
4.829915839939120659e-01
2.485275694696607029e-01
2.750763161717928451e-01
5.463507202851582978e-01
9.383229574355469449e-01
-6.759857071493168279e-01
-2.635122210227760498e-01
-9.431402356409497312e-01
-4.097158505015123797e-01
3.598431708564968634e-01
-2.814559514981156418e-01
-1.987070228664198357e-01
7.212822528302678116e-01
-9.920847243602560761e-01
-9.487279463800502022e-02
-4.655075656378195870e-01
-3.924188566827648827e-01
1.474985318570793957e-01
6.827498852108793148e-01
-4.449820786555600538e-01
6.387325393816485342e-01
2.147714176369788230e-01
4.871405944826583401e-01
4.502609451442474153e-02
-5.372839253904369006e-01
2.542753228739911275e-01
4.088515043039726571e-01
9.246364320397568726e-01
-8.384550799079715233e-01
1.422634095918511310e-01
-4.160733928864914777e-01
-1.286395048253972551e+00
-3.780186399835108180e-01
6.758133491815641047e-01
-5.042978074154029766e-01
-1.271881635065713612e+00
-9.887724736617335974e-01
-7.234146560725387420e-01
8.616512373377849254e-01
-8.306002630992656566e-02
2.202152352161645954e-01
3.101535482907458174e-01
2.671688150063510347e-01
-1.573399533411266038e-01
-8.583546065547085213e-01
1.143905829698723675e-01
-4.216485202836237622e-01
-9.534523390032816348e-01
6.379660531206550189e-01
-6.555529308460839033e-02
8.561329682937972585e-01
-1.258665853571505622e-02
7.658680541400291197e-01
2.107292089884019171e-01
-4.511021698374051425e-01
7.308023994569625703e-01
-5.199532311961130304e-01
-2.125383907994751187e-01
-5.860764224068586437e-01
2.303707569967563540e-01
-3.458078301742336658e-01
3.920868846465377366e-01
4.770463895071876959e-01
-8.800140978909110068e-02
5.957931226755726062e-01
7.234604624933083095e-01
3.828719946106391436e-01
1.127653779485591201e+00
3.535713123055912455e-01
8.000897160484976567e-02
7.978602908441581043e-01
-6.122456840497043640e-01
-1.499873246224936452e-02
-8.153169227080443449e-01
8.834311144428255158e-01
-4.586861445094985168e-01
-3.310004388494380834e-01
5.624279790177049154e-01
-5.541619605909431368e-01
-7.726839801191269785e-01
-8.619729082338934978e-01
-1.314809147522615351e-01
-1.584351840922648691e-02
7.491537656964373237e-01
9.691452257060133579e-01
9.779755167321113607e-01
1.159463003873747899e+00
-1.712945873487110582e-01
7.552162437448028953e-02
1.438321468358667587e-01
8.659716212457850837e-01
8.465874679848723883e-01
-8.168922189046421423e-01
-7.757949662997780660e-01
-3.211327424846732725e-02
-9.281864205962879755e-01
6.037336069975995922e-01
5.927818555778654463e-01
-6.640228169128543634e-01
-6.464999251059631025e-01
-2.335434506563394130e-02
-8.911691771794898465e-01
-2.291588223944973635e-01
1.927455733909042568e-01
-6.486587835649542111e-01
-8.798717354088250175e-01
7.329455090451684196e-01
8.565530935513614441e-01
9.917395862472579982e-01
6.278823389787848708e-01
7.842401379920088678e-02
-3.782350991287080078e-01
1.332789869889276169e+00
6.961028958389887666e-01
7.974427625132698427e-01
-6.348753388337895487e-01
